instance_id,num_cities,city_coordinates,distance_matrix,best_route,total_distance
1399,93,"[[27.146568659980154, 73.61986867186539], [79.30277129240477, 41.63099567167345], [78.10095913479451, 55.92147124959488], [54.44335964347189, 92.77794088793965], [88.16324780885247, 99.86120381214505], [39.0965790435882, 34.16618341905784], [55.252283810430434, 28.421508640835093], [6.185061594992058, 41.930206969768044], [89.40992742943997, 46.91812597279381], [28.06966616116735, 83.75379280896578], [32.83949061425401, 0.17563518572655257], [71.71928679231445, 23.2316148372131], [52.13341471586902, 72.87433622372748], [72.41721528641872, 19.756444351466087], [0.5697924578320968, 36.84042431366653], [24.376819494251865, 53.690376844619735], [48.93165836346367, 9.065437481434858], [6.6309864933801865, 24.689798338037782], [0.6439268036703139, 51.42128898565258], [21.777564727155085, 51.96880921211903], [45.32130962422618, 42.59487870432195], [40.110995034495886, 9.207591964974494], [47.2525194394729, 34.586455904383115], [12.519344614110295, 33.6987655497072], [28.784041635379133, 86.09972539739658], [3.965903467222287, 43.77966779676864], [64.64868307322395, 11.100680884806701], [76.71659867532007, 56.964018285329686], [2.218027898048547, 87.68490065638275], [76.02329990283717, 72.06197968101573], [17.1725460834793, 48.008564954296936], [80.90971861937129, 68.52873197591586], [53.67964278666375, 12.949492681460995], [38.978466104525076, 88.42539589613659], [32.34196373401831, 40.80159755792838], [72.91115389156045, 80.89817051942038], [16.91084886678046, 39.2863280325266], [6.32697158937755, 92.39858927685412], [22.00787966585056, 3.5615306517523204], [30.90088958910363, 68.22599434204022], [33.49397976115329, 85.31690977601653], [22.996944068894344, 18.675881577443633], [33.56379955081496, 63.096753121889584], [22.625779823288806, 39.16457463640038], [47.697075176578586, 51.527779029638495], [13.229556957981403, 65.87384943584068], [90.55917628189816, 84.32363863841428], [30.834648789538853, 20.816315733877012], [87.53911395304996, 25.18478205364152], [16.33883906979031, 78.03361269631033], [4.24815749015327, 13.900752351379097], [75.09928529231729, 59.049689659117945], [8.867620293489765, 30.567913911600687], [16.49894388213976, 69.81323092674747], [2.766860066755372, 57.48484052239598], [45.773063013028484, 4.290849617926485], [76.30752471851925, 85.91241553569637], [8.547797362834164, 4.428092597336009], [13.666532030176992, 40.65694166643876], [35.46855650440918, 69.77004173638545], [55.148604721396566, 8.664166275395836], [86.6527669628011, 15.209432742536055], [29.696628752756848, 67.27129061698818], [74.3096657333945, 62.88182808624341], [58.66381554424679, 87.3027302428241], [34.84161187565513, 70.19527029674069], [73.11071056355121, 59.15468537576285], [2.0988899916800086, 55.01288327926296], [39.47462257602161, 3.682098429487557], [55.555774641927314, 41.67645703195883], [48.17770912609778, 49.35996472753794], [61.722551326203565, 44.94419754185619], [2.3242373954610263, 84.81555425317502], [94.66749431336343, 39.62930443668841], [44.24345127897264, 11.118171945463452], [84.27116081322833, 17.386167466027093], [82.88458557251194, 89.63889745308641], [87.03276364135439, 42.799699456927144], [21.864585518167225, 67.00854523745623], [62.28047232628283, 6.586119630617782], [40.254712810528446, 49.39374786411066], [43.939565867854256, 92.63868467737004], [38.667075334976865, 18.575129252413603], [76.18624714013401, 66.10048389638264], [36.77836019684767, 19.191723481050694], [22.88944548577927, 71.59201135645226], [80.55145732192389, 35.56625176161096], [31.101023363825565, 35.116851019147454], [88.11284203508947, 8.275764626167936], [68.05688576159241, 82.46583825333921], [67.60243265703217, 6.0618028774028225], [97.13677206964122, 25.894423906646946], [58.331404529343665, 56.230103181466916]]","[[0.0, 61.18461791052507, 53.94055227726616, 33.3488609855382, 66.42019876739987, 41.22373137157703, 53.22427053152432, 37.99499226515149, 67.74739041780053, 10.175879687437543, 73.66454230322708, 67.27334781479121, 24.99796580627943, 70.36121037542814, 45.37678437920551, 20.12103762069203, 68.1312316027595, 53.05695896400237, 34.5711869256606, 22.306828079316062, 35.956518346519786, 65.70401617698357, 43.90736349433923, 42.51646925343239, 12.586824128228221, 37.78598717838216, 72.90444037929059, 52.29345301106403, 28.62267054704683, 48.90155289041735, 27.484905029308077, 54.00366623121826, 66.21856647065931, 18.952504676872245, 33.22696267917385, 46.33973391380985, 35.826833135486986, 28.03740304918544, 70.24654333644332, 6.5718190727378865, 13.308283070309907, 55.10046371927308, 12.325453873364141, 34.75060889792154, 30.172566063378557, 15.92746146498038, 64.30963766736777, 52.932193775782494, 77.41587138752838, 11.674251805061793, 63.95865921204278, 50.11739367609541, 46.77168761189509, 11.307625937049616, 29.235412165295852, 71.78759763960322, 50.67451340653497, 71.64786228570507, 35.612721663836915, 9.169331988535005, 70.73441381253954, 83.38325168706805, 6.841582404359444, 48.37006554858872, 34.35924259837276, 8.422681527994055, 48.18655277898037, 31.202661938862498, 71.01600256162308, 42.74885415682179, 32.10688101783736, 44.91984741838984, 27.23034162549321, 75.59387447482372, 64.79788182469184, 80.15889333057464, 57.9942739624807, 67.35160859092083, 8.462206772749274, 75.68298816351005, 27.545024459300816, 25.371640023358896, 56.23740224978385, 49.61281299058367, 55.27381294177268, 4.7154324310706395, 65.57560440397792, 38.705556195077136, 89.36855388101286, 41.85576690482243, 78.74496292231588, 84.71332038920235, 35.705712876375884], [61.18461791052507, 0.0, 14.340922031213635, 56.868271931603786, 58.9004684546835, 40.89329183516042, 27.439323893610993, 73.11832190905388, 11.40650481082761, 66.326172059436, 62.268638690727975, 19.900915864718815, 41.40435080561667, 22.932659614008063, 78.87858727247482, 56.23423205848398, 44.529990801529586, 74.62032211785824, 79.2657786152174, 58.4467259918951, 33.99512917472911, 50.86523797425478, 32.81530411819001, 67.25285386957913, 67.3023771465693, 75.36750258307738, 33.86506197426352, 15.549593926410173, 89.79431957821373, 30.607184130067207, 62.45669119050784, 26.94569535202617, 38.46002246748283, 61.771882610557505, 46.968131193042915, 39.78396402474626, 62.43596279631784, 88.8977834524412, 68.7894524865665, 55.22713197964537, 63.30011431810924, 60.80529123688922, 50.525560648937486, 56.73063189065922, 33.118972625980476, 70.38029277513306, 44.15165248066143, 52.748552585504406, 18.39334887380498, 72.72968642292066, 80.01350790715185, 17.91871074550751, 71.29868353812721, 68.8371928636743, 78.16066852126629, 50.184936431316025, 44.38260523236841, 79.93949169798844, 65.64346643568973, 52.088811653867815, 40.86851603842846, 27.424832250593845, 55.84079245987291, 21.82954377525001, 50.118597677030635, 52.84612078041192, 18.58551363064845, 78.35505219089931, 55.01272790975119, 23.747040166156843, 32.07033609931435, 17.889702085071228, 88.26438002275923, 15.494562959664046, 46.477826235216796, 24.748668431896185, 48.141333872162015, 7.817841789937041, 62.794627214432815, 38.960261791022326, 39.812199045081925, 62.06722674327265, 46.72079582249511, 24.667155830595238, 48.0816646495189, 63.87586233803846, 6.19195732341207, 48.63992787745808, 34.49911280873994, 42.35509780465107, 37.44416376711312, 23.78426527430057, 25.552537329849102], [53.94055227726616, 14.340922031213635, 0.0, 43.7959058348387, 45.077153315493504, 44.66132795706823, 35.753460078171315, 73.26426001198212, 14.455206330682124, 57.25179822500894, 71.80667636853526, 33.306943032180435, 31.01149777066629, 36.608934902238396, 79.8446501555491, 53.7704469235698, 55.19362289224467, 77.99598952650707, 77.58765042165874, 56.46191897891012, 35.38507440861792, 60.21149300723296, 37.50745407804048, 69.2444713443856, 57.81769084850633, 75.1227653239755, 46.7960145756131, 1.733019966265739, 82.26259600061691, 16.273680601170255, 61.440097680503754, 12.916352150031967, 49.42662879699198, 50.863293034678186, 48.19228403531219, 25.510185904418673, 63.41102100159003, 80.51139936520958, 76.73328445804248, 48.777534312945505, 53.42166615710415, 66.51079932168318, 45.11145368701548, 57.950747223387886, 30.71971176733865, 65.63039426933145, 31.014356141421082, 58.876786915020745, 32.153115387190624, 65.60111488597998, 84.97044855410375, 4.335411892114861, 73.72962821556796, 63.14894512274984, 75.35031921549022, 60.91645063307775, 30.04451940333751, 86.54022392795962, 66.21783188609633, 44.825268081372286, 52.5363059849347, 41.60052279151544, 49.71717610047769, 7.925936723755696, 36.91322211565525, 45.55340233753248, 5.946112544213061, 76.00749993345781, 64.96880750475387, 26.668441534481772, 30.634200804361853, 19.716814661580706, 81.0985794584477, 23.23542096202117, 56.157514784244356, 39.02615823322097, 34.05507174685625, 15.873185777349617, 57.31887060263143, 51.8098901970116, 38.405071715001654, 50.15131655140614, 54.31188131622717, 10.35752965170566, 55.28681175585441, 57.39230842766321, 20.502192608819303, 51.398698285154545, 48.686252257232624, 28.38109986515213, 50.952974284032194, 35.552577209340456, 19.771963558718028], [33.3488609855382, 56.868271931603786, 43.7959058348387, 0.0, 34.45581912448457, 60.587637256885905, 64.3615159072877, 70.10246340285832, 57.6696062651908, 27.87484450987665, 95.08898032052782, 71.65995482838433, 20.03719851171332, 75.2010534706776, 77.66187611565101, 49.313634011146405, 83.89375469952529, 83.19866694929293, 67.85832027431319, 52.272740368659974, 51.00540683769184, 84.79044695241777, 58.63409509347726, 72.44288781397212, 26.514131378918723, 70.34773875500315, 82.3123528270528, 42.17504272855669, 52.473082001344075, 29.913957784361322, 58.252987605028075, 35.895574801083, 79.8321013533517, 16.065726876697134, 56.4801909266038, 21.958787953766514, 65.3455584647943, 48.117883442822226, 94.92959610580013, 34.015378514041686, 22.23833408119367, 80.49839903094535, 36.289515522618814, 62.343816264609686, 41.7981842601361, 49.21796083404357, 37.092147928999175, 75.73537299702456, 75.26064093879755, 40.85767616951064, 93.49422009217811, 39.55075467503929, 77.11832125827384, 44.35263905418154, 62.57845908868899, 88.91085066001516, 22.916743939556856, 99.55952154379096, 66.17664414317234, 29.82292033879768, 84.11673109548276, 83.98999568856998, 35.53856915833977, 35.894953382199034, 6.913044164387521, 29.90326949655692, 38.45768195836189, 64.5456666191777, 90.34451966099424, 51.11359035923672, 43.86774475934546, 48.38443586581261, 52.723832417840974, 66.65402138332573, 82.29432540815182, 81.0778466803573, 28.613928881448548, 59.66484617824616, 41.53839519888526, 86.54738809956773, 45.645436828656244, 10.504716844012783, 75.8613762147763, 34.41569218000533, 75.67683659947184, 38.006487719653656, 62.88728120276204, 62.206639097840856, 90.96291462730832, 17.078277258414648, 87.70889233161412, 79.34817142428588, 36.75406554455199], [66.42019876739987, 58.9004684546835, 45.077153315493504, 34.45581912448457, 0.0, 81.99618093648208, 78.65596987816703, 100.38138975958576, 52.957753928768476, 62.21484746001021, 114.00846767893724, 78.37408857766982, 45.015995989681585, 81.63767530038308, 107.90844299185792, 78.7429596852877, 98.90899248295105, 110.89747443547623, 100.030279903667, 81.85805017680403, 71.51827499856405, 102.60163905916963, 77.03557885895991, 100.49611100617987, 60.9530016812252, 101.1648727376603, 91.82246557918504, 44.39813399804338, 86.8034744930033, 30.33438968322139, 87.91118181427959, 32.16111747235707, 93.50275154769399, 50.49673706284576, 81.26532376522255, 24.33563232223237, 93.52122716643741, 82.17582808327843, 116.83389826987104, 65.41990635199846, 56.570887900761704, 104.10429236818617, 65.82343491977869, 89.32659460237271, 63.03674387776712, 82.281214636358, 15.721208756831718, 97.6455969146749, 74.67902991954205, 75.06789876262647, 120.12885414642955, 42.85145043165013, 105.30601392273869, 77.70877126696729, 95.33257158528446, 104.54960721032144, 18.30647056031972, 124.28233448829528, 95.15726623871804, 60.68120406468716, 96.98900099326389, 84.6652461025643, 66.93614857398403, 39.48918795567787, 32.06137492880478, 61.01855840588856, 43.400455305592196, 97.04867614296667, 107.80075389008832, 66.69866613513447, 64.41442736554227, 60.95070145764122, 87.14761774943513, 60.582067684807335, 99.01653514497926, 82.56682119032429, 11.504773891903234, 57.07270165090764, 73.99195765054068, 96.79958365484897, 69.58585945113009, 44.809584098390864, 95.16983244124086, 35.82226617969666, 95.64502983316584, 71.13238722135392, 64.74395889654396, 86.301382823213, 91.58545305686019, 26.58692418652425, 96.02642727616103, 74.50911801415558, 52.8546290848544], [41.22373137157703, 40.89329183516042, 44.66132795706823, 60.587637256885905, 81.99618093648208, 0.0, 17.146663956027055, 33.8149085828312, 51.90419120543037, 50.79885641156291, 34.5616626454071, 34.40647978113817, 40.84458566194188, 36.30296654025827, 38.61948794309414, 24.45128728940529, 26.958787655481444, 33.82035738782046, 42.14670962718669, 24.837104139182223, 10.478080693207279, 24.97919788893253, 8.166761457465581, 26.58134438631752, 52.947532616842345, 36.42229328766054, 34.42277483729156, 43.98871618587762, 64.99446614384122, 52.91194655032751, 25.928261565385938, 54.12137640993939, 25.745168750455537, 54.25934103266601, 9.468555791386514, 57.682788511804524, 22.768893349061802, 66.81960988130778, 35.05236678785089, 35.0319860376722, 51.45664121922464, 22.3416135823423, 29.454872470375054, 17.212528626469215, 19.375075119310278, 40.920397307566745, 71.86215435536465, 15.699632439474854, 49.26809067683792, 49.41928854313614, 40.312531316263765, 43.76509728118272, 30.44236341947597, 42.206221234616734, 43.16952918481634, 30.612268911716015, 63.73638690961155, 42.63311046474735, 26.24532784573757, 35.78822815710677, 30.133376955738797, 51.195208815076626, 34.413764514457874, 45.43731641366903, 56.62481216416536, 36.27946866810217, 42.20647311843992, 42.46662089504136, 30.486429022825202, 18.091692278087827, 17.7007885142267, 25.06192750298587, 62.59044556622447, 55.83880653428953, 23.615696616748565, 48.190370131862124, 70.67256552636375, 48.70744699701744, 37.088574125608325, 36.02988795871833, 15.271541924454256, 58.672718743751226, 15.596969047316387, 48.94326334121986, 15.152840956611533, 40.78435698843503, 41.47851400948987, 8.051874285782453, 55.433814796775835, 56.31656969588613, 40.03048707999009, 58.62666638938849, 29.271061934092753], [53.22427053152432, 27.439323893610993, 35.753460078171315, 64.3615159072877, 78.65596987816703, 17.146663956027055, 0.0, 50.89280132279344, 38.84416906471522, 61.64865264974406, 36.05776845697162, 17.26549115716813, 44.56210525259515, 19.22805792882556, 55.326783763682116, 39.89749361852013, 20.3619202623085, 48.76429241337355, 59.25421968845443, 40.927157021940666, 17.306318708598912, 24.46289475559169, 10.09964379338053, 43.057560693084234, 63.46136251337545, 53.53658432667508, 19.705415328275375, 35.71262619053924, 79.52849761795133, 48.33141651265628, 42.8219476481408, 47.611903182136054, 15.551735518480267, 62.17156607704178, 26.04130118866545, 55.368183413054055, 39.85109702319647, 80.54038131667362, 41.5115515555109, 46.662484743741544, 60.913959528452885, 33.69546243488321, 40.89942455952758, 34.34970493917, 24.310098905218844, 56.2902069914544, 66.11826369663702, 25.57459401760889, 32.44866406585348, 63.052494402633705, 53.03087086700128, 36.49642366466502, 46.434298370559844, 56.70181680856217, 59.994974502960524, 25.9257465043107, 61.225219846818554, 52.507076359002724, 43.348362973160654, 45.83772524103737, 19.757614397965252, 34.066835657934654, 46.501581317428624, 39.37889564268282, 58.979969532998005, 46.49346934477393, 35.54506376864283, 59.433866436673966, 29.34234161809677, 13.258422362263035, 22.1013246267952, 17.74439658724959, 77.3412340076872, 40.97771962410875, 20.508531261381886, 31.04631986802825, 67.16481812423142, 34.88167526693233, 51.026442072362585, 22.938606039641524, 25.78297798811067, 65.20600651286354, 19.287828473806698, 43.10378170181288, 20.651266009043297, 53.954106508648806, 26.288695947622166, 25.062142580445236, 38.54435482325141, 55.54050228790419, 25.543739318284715, 41.96065435607187, 27.978543827849563], [37.99499226515149, 73.11832190905388, 73.26426001198212, 70.10246340285832, 100.38138975958576, 33.8149085828312, 50.89280132279344, 0.0, 83.37420241982889, 47.20326524157627, 49.536883745463314, 68.14962963914778, 55.39666316491051, 69.84535726343998, 7.578729113056683, 21.661986311293127, 53.91998339027548, 17.246174613636548, 10.9902144022691, 18.544532587979887, 39.141891859240104, 47.13532107128988, 41.71890187335416, 10.386518628403984, 49.61512125344884, 2.8888004684741335, 66.0942865531756, 72.11597053070557, 45.92634702116668, 76.06118101019503, 12.556721354431415, 79.31743755262004, 55.638269592365816, 56.89648471236659, 26.18123925094244, 77.2714279431744, 11.04683703303561, 50.468581822166406, 41.50321546699902, 36.087956259149095, 51.26580723839059, 28.695000292183423, 34.60661740279609, 16.671710712030052, 42.60704942896457, 24.958424018000322, 94.42560181350903, 32.456101922174845, 83.0595635113697, 37.50406780687992, 28.09629733106601, 71.00878055111166, 11.674665935715838, 29.729433106243842, 15.925788101195442, 54.625370279148534, 82.7743589817961, 37.576470067205804, 7.589045025904672, 40.405191175669714, 59.19508441560754, 84.78827385000373, 34.56825582278475, 71.27364250845031, 69.37352149221223, 40.25061091295317, 69.10662158014514, 13.705955559198827, 50.70614042913109, 49.37136514006638, 42.644856043968794, 55.61921345014743, 43.05878510963944, 88.51234406695966, 48.967566078749435, 81.85260390654311, 90.32682949163674, 80.85237747501681, 29.576519753446586, 66.30158078771346, 34.877579856260446, 63.21987270085205, 40.00676032607774, 74.05652074216442, 38.11808692351929, 34.04201933852794, 74.63819892860528, 25.830736926689294, 88.57077789711181, 73.96796623715124, 71.12408790491112, 92.35453414268238, 54.07150925480406], [67.74739041780053, 11.40650481082761, 14.455206330682124, 57.6696062651908, 52.957753928768476, 51.90419120543037, 38.84416906471522, 83.37420241982889, 0.0, 71.55063943617421, 73.38306866328237, 29.56365295304195, 45.42315764756663, 32.039182487603426, 89.40989683756425, 65.38477276538303, 55.41945770757265, 85.71144387964615, 88.88015157623506, 67.82068921706279, 44.300075473057205, 62.06826169981051, 43.9239927045422, 78.01867222451648, 72.1851491775458, 85.50164413962277, 43.54318080594494, 16.187666515444235, 96.25153121896173, 28.48535019683741, 72.24561108395532, 23.222227318604563, 49.30031732489005, 65.31604510268227, 57.394811613871695, 37.77370720018039, 72.89966208588174, 94.71668329008222, 80.14256297722045, 62.26823237769836, 67.83111233946569, 72.16861317314336, 58.142393960562, 67.23272960252525, 41.96678382213153, 78.50330118648631, 37.42316329097221, 64.12774567603697, 21.813715432534558, 79.42013263716613, 91.33823963733968, 18.76084528618393, 82.18511223590147, 76.42118392623368, 87.28503066613126, 61.00213623743443, 41.13669378200726, 91.34597426901853, 76.00173929277696, 58.58226311212333, 51.3537113189966, 31.82833894832387, 63.08668124005613, 21.97402303757811, 50.756671069956575, 59.32559742855768, 20.381311451024512, 87.68547402112027, 66.05216687232422, 34.25753572931896, 41.30445984053825, 27.757650998103756, 94.97437801302465, 8.98715354960193, 57.63373383886994, 29.97571509707954, 43.216251598457255, 4.755243909830393, 70.46983865556, 48.607386987777346, 49.217515459234846, 64.48196080145154, 58.12196230145746, 23.298681849032796, 59.48811027838271, 70.94910244635098, 14.399220143892318, 59.49116223326441, 38.66412446911792, 41.467966393944046, 46.312049891184614, 22.398664617782792, 32.443604996773374], [10.175879687437543, 66.326172059436, 57.25179822500894, 27.87484450987665, 62.21484746001021, 50.79885641156291, 61.64865264974406, 47.20326524157627, 71.55063943617421, 0.0, 83.71415446033177, 74.6205293983336, 26.40883507642834, 77.86119523233138, 54.379290150526295, 30.289372656934408, 77.54723167322088, 62.83448439161257, 42.397664827086, 32.40178579504094, 44.62819078172394, 75.5124470621125, 52.77697299188098, 52.414866728266965, 2.452291179207097, 46.678925078634606, 81.34186591489593, 55.53571879487823, 26.1488204283706, 49.35837804516189, 37.36935295626278, 54.98975923893298, 75.29355762151398, 11.867004323259739, 43.164147199200265, 44.932322447604946, 45.84620624493773, 23.39823226684769, 80.42104305097052, 15.783800281565622, 5.645043195908633, 65.27531723157928, 21.37519100117428, 44.92031028054434, 37.7326271118728, 23.23620485769233, 62.49210829695425, 62.998183700107745, 83.46822294459575, 13.051159518180922, 73.80319462281048, 53.12323209349508, 56.54605450064204, 18.116867269214726, 36.47313875286158, 81.4111147244455, 48.286133105431475, 81.69253378029535, 45.439947746409565, 15.820520609992858, 79.82306011736007, 90.1682260912942, 16.5626050421719, 50.73240061170114, 30.799300858682177, 15.155618808695479, 51.32067582727038, 38.73656019111886, 80.87984465628807, 50.25921154880062, 39.84054218976321, 51.36829143282818, 25.767313396907877, 79.88893032645188, 74.41454658373857, 86.96706097590236, 55.12993603065808, 71.79056084713042, 17.857948986859643, 84.41107179883119, 36.45665989170662, 18.187771172233752, 66.03456113441933, 51.25275290819552, 65.14677388566227, 13.219062536519756, 71.24870185225672, 48.73131675992641, 96.44747641794454, 40.0079561876132, 87.17158325017765, 90.09978739346151, 40.906311246247114], [73.66454230322708, 62.268638690727975, 71.80667636853526, 95.08898032052782, 114.00846767893724, 34.5616626454071, 36.05776845697162, 49.536883745463314, 73.38306866328237, 83.71415446033177, 0.0, 45.201955140649446, 75.21540161331001, 44.15658929096296, 48.8430156819057, 54.17974139199444, 18.384407733878295, 35.88634675349378, 60.52000795161249, 52.961297945385034, 44.21750814425887, 11.59530162590866, 37.307371690432895, 39.20087502681027, 86.01974160112007, 52.29718629794587, 33.633039535831124, 71.7643439799303, 92.71216490889286, 83.85993029789682, 50.333312241251896, 83.56370420985986, 24.44347311432083, 88.46302778853311, 40.629008745773206, 90.1213953981477, 42.229941071188975, 95.95825616557785, 11.348483768522884, 68.07796673842425, 85.14379011356358, 20.955544351121315, 62.925286695986685, 40.3045566606282, 53.45830614967564, 68.56241575132336, 102.04140629492123, 20.737817730728658, 60.14570824645007, 79.58728644344134, 31.715030679855733, 72.47099099893641, 38.70841217134538, 71.52907246773346, 64.72022963777931, 13.572482632787839, 96.12629969820193, 24.661098009996003, 44.79217024494442, 69.64404791935326, 23.869472811643515, 55.873820169594886, 67.16922329780985, 75.17873404420301, 90.87368404097172, 70.04825330174135, 71.41638129675498, 62.86579598723505, 7.504682580223956, 47.311180221366655, 51.52047379047059, 53.2771561884156, 89.9727546469001, 73.34367088427864, 15.804728076770038, 54.23485153319156, 102.50944749094822, 68.94723849716742, 67.72803265894191, 30.13081006189857, 49.77356864684543, 93.12694127871752, 19.300314131828383, 78.89884016154366, 19.419740153880674, 72.10618685950107, 59.40477681748382, 34.984437001308386, 55.86372234503425, 89.50945448315895, 35.25775247465565, 69.25024545678247, 61.57873867935118], [67.27334781479121, 19.900915864718815, 33.306943032180435, 71.65995482838433, 78.37408857766982, 34.40647978113817, 17.26549115716813, 68.14962963914778, 29.56365295304195, 74.6205293983336, 45.201955140649446, 0.0, 53.36671407960187, 3.5445611982147804, 72.43928657447522, 56.294274956623816, 26.83200682555691, 65.10463220790301, 76.46152317414656, 57.61945802742986, 32.73819155289725, 34.579724194511044, 26.973229698328005, 60.11817028104549, 76.13037896985402, 70.8007304512148, 14.041118029204895, 34.10055964999016, 94.78739916663687, 49.01968032978619, 59.91030110975369, 46.22004822850295, 20.764170868985296, 72.95334418701331, 43.11934442966004, 57.678871273902175, 57.111458426666765, 95.18521545247565, 53.46153954345272, 60.75060277284083, 72.90924458026396, 48.934868815524354, 55.18215705364016, 51.61425805414902, 37.11791425869579, 72.38375969551223, 63.93103165213477, 40.95591891749688, 15.939943336501413, 77.9118281090601, 68.11327538768413, 35.97719936025587, 63.27837913370049, 72.24356877002995, 76.99169189713696, 32.12412046262002, 62.84850597643865, 65.91061769824717, 60.611585943433326, 58.99102155969212, 22.063500671847866, 16.95182101021819, 60.871970819888055, 39.73473887861816, 65.38771412756562, 59.71220847850144, 35.95000774727015, 76.53135745864843, 37.70811533605738, 24.524912408096082, 35.16954004541074, 23.903367287588697, 92.78067942616391, 28.204688486666004, 30.027604563932414, 13.846255681815151, 67.33937244491925, 24.847786800646283, 66.34689800135489, 19.135405122362982, 40.92036925997087, 74.75997751763515, 33.37860902167739, 43.100970628991824, 35.17369860448846, 68.72467790771702, 15.170712057145522, 42.32141494617683, 22.190676173409773, 59.34733696655122, 17.65646993898936, 25.556586430182385, 35.61089193621837], [24.99796580627943, 41.40435080561667, 31.01149777066629, 20.03719851171332, 45.015995989681585, 40.84458566194188, 44.56210525259515, 55.39666316491051, 45.42315764756663, 26.40883507642834, 75.21540161331001, 53.36671407960187, 0.0, 56.85897468772266, 62.90667649710604, 33.74096732098765, 63.889175941189926, 66.27383092443212, 55.77993009371319, 36.85808850402303, 31.03627431650053, 64.79192001711729, 38.597732032434024, 55.71355210056358, 26.834756232298997, 56.272629854692106, 63.028695337825184, 29.28260832789856, 52.06629101430675, 23.903692965711524, 42.90185213198667, 29.102576219732132, 59.94478872105591, 20.368802858831174, 37.687691591441954, 22.273220738317114, 48.67014936535081, 49.79384188012633, 75.57653655936029, 21.735390622387524, 22.41084942690039, 61.53378265479301, 20.986465607423078, 44.80009534842812, 21.802674435682977, 39.528685327409136, 40.09520766515963, 56.24655480388371, 59.395766813934465, 36.16448229137807, 75.96631789366832, 26.805821456738506, 60.5124973526263, 35.76570811879866, 51.70970214442571, 68.87778095142085, 27.465962691400875, 81.14551316375115, 50.17630492189326, 16.951523337806627, 64.28092481882216, 67.2073416602896, 23.12581856768984, 24.323575560965228, 15.837445783635062, 17.498109603782083, 25.065429588803, 53.12706622488015, 70.34067663460814, 31.385031679571092, 23.8447745548948, 29.530394303500607, 51.22057041231237, 53.98499852484233, 62.25813480501561, 64.1230972138852, 35.02406347452233, 46.07003724849542, 30.83195622879395, 67.06034921802959, 26.314284878554368, 21.39552824169377, 55.944134402410306, 24.98847380258443, 55.835478059763425, 29.272070193200697, 46.89859605352777, 43.22024033898461, 73.94250903684627, 18.589078549730136, 68.57991782014449, 65.05700834216017, 17.76078746263841], [70.36121037542814, 22.932659614008063, 36.608934902238396, 75.2010534706776, 81.63767530038308, 36.30296654025827, 19.22805792882556, 69.84535726343998, 32.039182487603426, 77.86119523233138, 44.15658929096296, 3.5445611982147804, 56.85897468772266, 0.0, 73.85062314197882, 58.81659121640723, 25.80443783298557, 65.97094724472913, 78.4478637397794, 60.016753150101, 35.43701719027922, 33.98485182603771, 29.209436141920733, 61.499131957057, 79.40582335572812, 72.54445088683073, 11.630663520977649, 37.45514992052077, 97.68419056304087, 52.429694566834314, 62.04962364026959, 49.50614762817106, 19.935676919065454, 76.3778426842098, 45.26504457604833, 61.14372129779766, 58.84193291953367, 98.20795044850172, 52.94692009407402, 63.81929626448658, 76.24429742898127, 49.43208293327596, 58.20627353335128, 53.44027101948507, 40.25547210358572, 75.03328561458665, 67.06752811047991, 41.59607149497041, 16.066694417107797, 80.87652706061895, 68.42009624102016, 39.38467501863949, 64.46269384547172, 75.05021624942778, 79.21239713489248, 30.807393119666813, 66.27025751274999, 65.68303367990738, 62.35762640678703, 62.181695933531635, 20.52421846900056, 14.944104058212973, 63.89608070465896, 43.16688650998651, 68.93226198366804, 62.89674979218477, 39.4043440689981, 78.66182910488517, 36.65513621994245, 27.654929696541803, 38.26123465797645, 27.36418732580838, 95.63322294487897, 29.83295970472454, 29.468300400728424, 12.088599466696543, 70.66203430560397, 27.2874670786942, 69.19775584963503, 16.619597200066327, 43.73552703480618, 78.24830650774166, 33.77080769103933, 46.497049395150974, 35.643328993753194, 71.69327714753696, 17.779648585898734, 44.07913120719489, 19.44630314451723, 62.86080302625281, 14.516381672833495, 25.47020377968696, 39.099077394887836], [45.37678437920551, 78.87858727247482, 79.8446501555491, 77.66187611565101, 107.90844299185792, 38.61948794309414, 55.326783763682116, 7.578729113056683, 89.40989683756425, 54.379290150526295, 48.8430156819057, 72.43928657447522, 62.90667649710604, 73.85062314197882, 0.0, 29.1666836751832, 55.77024266941047, 13.578504510298172, 14.581053133570416, 26.050674353328947, 45.11997378133323, 48.239818872169124, 46.737109153567275, 12.355639057724833, 56.767266975875124, 7.725714860508144, 69.05533009321502, 78.76100006640358, 50.871184914757144, 83.26938061645878, 20.0094675921885, 86.36349100250024, 58.23600961780966, 64.31357169728962, 32.01814737105144, 84.70157952964004, 16.523092009740967, 55.85566046184995, 39.58631514172036, 43.64664316064383, 58.60010027607126, 28.860487560012565, 42.16632906167346, 22.178103015989663, 49.36293310780312, 31.673481203115863, 101.74843902313692, 34.245197978048466, 87.74689098670247, 44.108294006661495, 23.232712261988684, 77.76822467660072, 10.401842795112769, 36.61890005232485, 20.760997728371123, 55.702876781723276, 90.24557834313272, 33.37975149029247, 13.641495230722924, 47.98211578896136, 61.42270154544352, 88.75910260910405, 42.12374884221468, 78.20309214565869, 76.95037256604269, 47.823669419676186, 75.89539542270029, 18.23667744202067, 51.11810229230541, 55.19823773638095, 49.226543872864866, 61.68736546284911, 48.00719914504382, 94.13902138238454, 50.68552793173725, 85.93245704656451, 97.79265786022276, 86.66809301072507, 36.92673464517131, 68.72794891222317, 41.62305653795728, 70.67094951429696, 42.24954397737115, 81.08020291973077, 40.28072763481383, 41.30181246967576, 79.99181351941152, 30.579842470762827, 92.08542399505336, 81.46279003174963, 73.76108994308751, 97.18537171950331, 60.92916769246251], [20.12103762069203, 56.23423205848398, 53.7704469235698, 49.313634011146405, 78.7429596852877, 24.45128728940529, 39.89749361852013, 21.661986311293127, 65.38477276538303, 30.289372656934408, 54.17974139199444, 56.294274956623816, 33.74096732098765, 58.81659121640723, 29.1666836751832, 0.0, 50.934519974776265, 33.99923738278918, 23.84111900004636, 3.1176786969714234, 23.701935486072507, 47.183497439041204, 29.803648153784746, 23.243584764404627, 32.70763642663012, 22.689813725405735, 58.614888877081846, 52.44205576639149, 40.5788084373173, 54.81673767539125, 9.175213443521523, 58.44780121179402, 50.18441087929831, 37.67929978437155, 15.151374665730122, 55.64032397497604, 16.223974223088113, 42.70974969591933, 50.184789493817185, 15.93259761099413, 32.91443750989969, 35.04167426086549, 13.148403600029667, 14.63096270658895, 23.42031499357883, 16.51358430001104, 72.92805412250121, 33.50234996414302, 69.29678474278126, 25.63595640960293, 44.591223927902426, 51.00481124834756, 27.842118309097092, 17.944563185363236, 21.940562915750537, 53.83412047145935, 61.11512024449426, 51.74292793123607, 16.869519557680494, 19.534130462704923, 54.536798625236614, 73.20571488683922, 14.58566383266056, 50.77176291472462, 48.01446031247407, 19.542860267927544, 49.03927820102839, 22.31714959826264, 52.2376451224715, 33.41349298361073, 24.191626988920756, 38.356216425243765, 38.145681878004886, 71.68328064330743, 46.97952414026162, 70.03804495157432, 68.66916939504769, 63.59539441600807, 13.55304131516403, 60.46071406867425, 16.448967042316394, 43.58522374283023, 37.9116344339744, 53.27501806691494, 36.65999584967017, 17.963318168877183, 59.026043786575, 19.753247309469796, 78.26089427216195, 52.30655186880479, 64.31900723307984, 77.88854664520906, 34.04943545451753], [68.1312316027595, 44.529990801529586, 55.19362289224467, 83.89375469952529, 98.90899248295105, 26.958787655481444, 20.3619202623085, 53.91998339027548, 55.41945770757265, 77.54723167322088, 18.384407733878295, 26.83200682555691, 63.889175941189926, 25.80443783298557, 55.77024266941047, 50.934519974776265, 0.0, 45.093985107082936, 64.23179256285789, 50.77444344422383, 33.72325676351491, 8.821808740852832, 25.576197701584288, 43.96200000341752, 79.6254229159323, 56.80666245938846, 15.848251683961353, 55.37397359013226, 91.4504415581267, 68.57493252203375, 50.251451622617225, 67.51651449732749, 6.134267754165992, 79.98167937550814, 35.8106384235058, 75.72950377157181, 44.02992694206912, 93.59259331419543, 27.480590418473028, 61.847232037103794, 77.79851507400117, 27.658091786373266, 56.1743193490046, 39.97445813571284, 42.48028537335455, 67.09572053081193, 86.0037620655862, 21.57741632407468, 41.8374102513457, 76.28172167681986, 44.94436027119126, 56.4195902577277, 45.46959026758604, 68.86345458297488, 66.90012849478539, 5.724806883568407, 81.57754651104686, 40.649245957240616, 47.346090355738866, 62.17961152514096, 6.22988287194961, 38.21819869815219, 61.30177569501858, 59.49997609913461, 78.84027436547134, 62.7326539376093, 55.61977454030176, 65.60850530769231, 10.881905404531906, 33.27698172303588, 40.301580185390605, 38.09058107009598, 88.94004654946434, 55.00833258056986, 5.117910164010561, 36.3058532591291, 87.43502569260369, 50.88904257723913, 63.95334368771103, 13.577107616106462, 41.251206072671856, 83.72221111722747, 13.992708898841576, 63.21241277582001, 15.819112632277685, 67.73307384221272, 41.25657333911565, 31.569093933833997, 39.18914055102538, 75.85112495214763, 18.91083376152191, 51.05827818802236, 48.092212660458415], [53.05695896400237, 74.62032211785824, 77.99598952650707, 83.19866694929293, 110.89747443547623, 33.82035738782046, 48.76429241337355, 17.246174613636548, 85.71144387964615, 62.83448439161257, 35.88634675349378, 65.10463220790301, 66.27383092443212, 65.97094724472913, 13.578504510298172, 33.99923738278918, 45.093985107082936, 0.0, 27.393748848444716, 31.201975361507262, 42.63253460553772, 36.88644312062769, 41.80972099734697, 10.76263218636142, 65.28351241745663, 19.27500411122395, 59.587894992091506, 77.15969354607012, 63.149482338835234, 84.02033519040667, 25.59080606575676, 86.25069361315896, 48.49134805213586, 71.4743718634964, 30.34212294436035, 86.90478521699264, 17.85312996474692, 67.70947345429732, 26.131447320439417, 49.844042359892164, 66.31189221110732, 17.435933074168545, 46.90917388907596, 21.57203195237131, 49.05813742223658, 41.709317867866744, 102.95696164003822, 24.51165306606694, 80.9096415633445, 54.219968018573724, 11.049044635662183, 76.60620126345498, 6.289258577285193, 46.189833855667864, 33.02190583407889, 44.13863685203399, 92.75251390431585, 20.35217146724261, 17.448454575406995, 53.51479971928576, 51.095793970998486, 80.5814040664505, 48.42734080599362, 77.71122673050894, 81.41126789793975, 53.54052075431609, 74.88245556182852, 30.659898549301822, 38.98753501539546, 51.789781511066266, 48.319222584863596, 58.69685854316925, 60.27980268845518, 89.29510373816467, 39.98607945506852, 77.98294488111483, 100.1648483669664, 82.41610453721078, 44.97709281828953, 58.520154273616924, 41.7233758657811, 77.51761896302625, 32.614416540747186, 80.94923818078816, 30.644623808256426, 49.640256595149175, 74.7163519357626, 26.598987425381303, 83.11866989560396, 84.32800180961873, 63.753583916267395, 90.51380196156101, 60.561737546984375], [34.5711869256606, 79.2657786152174, 77.58765042165874, 67.85832027431319, 100.030279903667, 42.14670962718669, 59.25421968845443, 10.9902144022691, 88.88015157623506, 42.397664827086, 60.52000795161249, 76.46152317414656, 55.77993009371319, 78.4478637397794, 14.581053133570416, 23.84111900004636, 64.23179256285789, 27.393748848444716, 0.0, 21.140729180407746, 45.540905284687526, 57.78966768281548, 49.55575155685156, 21.333386630119197, 44.65937767933104, 8.332460821845121, 75.64628386607609, 76.2743289303891, 36.29775923746313, 78.15425772921812, 16.87726105181364, 82.0686416450678, 65.51996856455256, 53.28077356468569, 33.429678300243694, 78.04766912553163, 20.29458131475473, 41.369507335616895, 52.411591749123545, 34.61043078486745, 47.20210893671584, 39.64743481221691, 34.92899203362092, 25.168013604877032, 47.05326887616192, 19.16440945991934, 95.7461054111578, 42.990046310394966, 90.7696416524775, 30.89572857729755, 37.69325069777405, 74.84512612393584, 22.41634195388685, 24.282608898616367, 6.424445725372437, 65.25271833416375, 83.15418125452904, 47.65324413517831, 16.895544385846367, 39.36281952936185, 69.27432033138274, 93.32105399153531, 33.09504558473666, 74.55189500300078, 68.21865812342489, 39.01210118093794, 72.87825579847468, 3.8751087014892835, 61.53741340942708, 55.7698196412506, 47.578456464801484, 61.42109643384674, 33.43651292288925, 94.76012952108513, 59.37389811716652, 90.28789378950565, 90.68688742978843, 86.81798739990366, 26.330190157622216, 76.2184764676895, 39.66264352108482, 59.777805827779424, 50.245696666035485, 76.95531771777765, 48.41943999326505, 30.028672005200917, 81.46530328244886, 34.5466268726519, 97.53126372613079, 74.2177274961738, 80.87598213387703, 99.81227393604638, 57.88756153371745], [22.306828079316062, 58.4467259918951, 56.46191897891012, 52.272740368659974, 81.85805017680403, 24.837104139182223, 40.927157021940666, 18.544532587979887, 67.82068921706279, 32.40178579504094, 52.961297945385034, 57.61945802742986, 36.85808850402303, 60.016753150101, 26.050674353328947, 3.1176786969714234, 50.77444344422383, 31.201975361507262, 21.140729180407746, 0.0, 25.341241030055535, 46.52565278737756, 30.840225746735403, 20.48192215315793, 34.84264855478008, 19.604012700444716, 59.229525586655775, 55.1656556640335, 40.721182068110245, 57.84751752877884, 6.073691734868867, 61.40718741218863, 50.40088934765603, 40.310714715113846, 15.37248003757702, 58.74990967212271, 13.584191258088872, 43.28149655906078, 48.40782646010792, 18.642186698056086, 35.346431113603536, 33.315250508840435, 16.209456097520743, 12.832298777667935, 25.9232623247853, 16.322333792848706, 76.01147989134422, 32.442389271214246, 71.00679874079563, 26.626184808297058, 41.910107029607786, 53.78982015152992, 24.99329880076006, 18.60879427461471, 19.794784492408574, 53.375760126229686, 64.23149497645042, 49.34720337325264, 13.919310284006968, 22.457229019356774, 54.671001547203744, 74.56570004733075, 17.230133841266184, 53.653663594173466, 51.079168696695724, 22.424834705465727, 51.833663556610944, 19.912725234655433, 51.427544124832814, 35.31147091876612, 26.528733362709847, 40.557947723179424, 38.17513070136331, 73.92702627040592, 46.6207102439571, 71.42414621056251, 71.78512063566619, 65.8962332689394, 15.039987776919705, 60.8282338855435, 18.655721434479947, 46.316228958318455, 37.42183092558348, 56.2139569083894, 36.04665329465903, 19.654677336928305, 61.01978647667195, 19.259163426467076, 79.43205373594759, 55.42422156196279, 64.8642563466687, 79.74260906407588, 36.80138354161792], [35.956518346519786, 33.99512917472911, 35.38507440861792, 51.00540683769184, 71.51827499856405, 10.478080693207279, 17.306318708598912, 39.141891859240104, 44.300075473057205, 44.62819078172394, 44.21750814425887, 32.73819155289725, 31.03627431650053, 35.43701719027922, 45.11997378133323, 23.701935486072507, 33.72325676351491, 42.63253460553772, 45.540905284687526, 25.341241030055535, 0.0, 33.79139378509509, 8.23798562107785, 33.986905386995396, 46.54194794293501, 41.37237415962898, 36.95175044205325, 34.527327537766645, 62.37790454322399, 42.55493211178454, 28.664627813492523, 44.035208643973604, 30.801146824408068, 46.26735317677716, 13.102643893797413, 47.205314007729505, 28.60246122273747, 63.253205338295665, 45.46557243252445, 29.409226491416774, 44.32897100746613, 32.71843090681, 23.63399876787846, 22.953301700270394, 9.243428486323934, 39.6458203031585, 61.54473158097628, 26.156627213708177, 45.66677641056883, 45.780863539186925, 50.103460093963044, 34.021884698639205, 38.386447451505624, 39.643000197697106, 45.08427819188226, 38.30669295796394, 53.259313955469565, 52.99995062049741, 31.71404333243426, 28.9061624893256, 35.32518895719243, 49.5807625622714, 29.20712168665094, 35.38198842824693, 46.656344192559004, 29.522968701610345, 32.349312227032854, 44.97092834838045, 39.34956439602837, 10.275591105470017, 7.343392064693584, 16.568645942474454, 60.260548155880294, 49.435215930663176, 31.49515592905679, 46.395797546126374, 60.20082557574411, 41.711956892043546, 33.85624047910294, 39.80256184698294, 8.479093414068396, 50.06287778460559, 24.924429736880093, 38.79636378974098, 24.91364403942698, 36.660908755389336, 35.92443323841586, 16.066656135860217, 54.853594569356275, 45.89771059276647, 42.79151870380929, 54.44030987128382, 18.846270612041447], [65.70401617698357, 50.86523797425478, 60.21149300723296, 84.79044695241777, 102.60163905916963, 24.97919788893253, 24.46289475559169, 47.13532107128988, 62.06826169981051, 75.5124470621125, 11.59530162590866, 34.579724194511044, 64.79192001711729, 33.98485182603771, 48.239818872169124, 47.183497439041204, 8.821808740852832, 36.88644312062769, 57.78966768281548, 46.52565278737756, 33.79139378509509, 0.0, 26.364523619475804, 36.89331587805945, 77.7219406415921, 50.01695784157527, 24.610605842691676, 60.17180795688821, 87.14680107640474, 72.39038400309204, 45.07424924717575, 71.99676033234257, 14.075156226289362, 79.22589905739954, 32.535196891296074, 78.83774143466977, 37.98653900561119, 89.78921023088168, 18.963143051803062, 59.732720191336355, 76.39642104699571, 19.55861060092966, 54.28542584246253, 34.68650402906494, 42.994730434208506, 62.719027805092615, 90.48447081691495, 14.859780186766248, 50.04694863107947, 72.8157711551595, 36.16861721360699, 60.89675818726396, 37.8472167916012, 65.04285074922728, 61.035048494810546, 7.498891191421528, 84.81638238089357, 31.923017737451588, 41.08979459953264, 60.74012312977566, 15.047425579668543, 46.927162996984805, 58.99027145387686, 63.64332408645416, 80.26865995831426, 61.21489448797292, 59.86395714605403, 59.52348143525292, 5.562018403117031, 35.9550888729282, 40.954669021974716, 41.76319364592777, 84.52457047654907, 62.46512789770553, 4.5527475741973795, 44.911127116022705, 91.09761220820137, 57.70686315289087, 60.612553645636694, 22.32392977481462, 40.18641288730339, 83.51889119121724, 9.478167487981057, 67.36634891994841, 10.525651385610896, 64.7178302453867, 48.272248096558606, 27.431173767130804, 48.01089061512755, 78.40754719908998, 27.670835396447437, 59.41708177546025, 50.42915707470326], [43.90736349433923, 32.81530411819001, 37.50745407804048, 58.63409509347726, 77.03557885895991, 8.166761457465581, 10.09964379338053, 41.71890187335416, 43.9239927045422, 52.77697299188098, 37.307371690432895, 26.973229698328005, 38.597732032434024, 29.209436141920733, 46.737109153567275, 29.803648153784746, 25.576197701584288, 41.80972099734697, 49.55575155685156, 30.840225746735403, 8.23798562107785, 26.364523619475804, 0.0, 34.74451651145814, 54.72386687963613, 44.25207641712873, 29.22683933377679, 36.99847650011329, 69.62435108118265, 47.2458748548914, 32.93869773450467, 47.80047239883197, 22.571355564743783, 54.471014475821846, 16.154029132668352, 52.94469220356758, 30.70351398720821, 70.83179534578254, 39.99797275151933, 37.40313282416457, 52.56307034507993, 29.008262822356023, 31.62622487146856, 25.048662144868704, 16.94715489507623, 46.2218884297177, 65.94887317601406, 21.428094572158102, 41.36908469735699, 53.32270686397312, 47.72078664639607, 37.066051505413114, 38.59467789987439, 46.762250673346244, 50.033088131154756, 30.33170868219821, 58.979212133094904, 49.067121256394195, 34.130182355866545, 37.1045346885368, 27.098215114440897, 43.90727196620495, 37.10131693072682, 39.1499329818158, 53.93721589882629, 37.70965776809703, 35.66852881137284, 49.55894659503801, 31.86808733756418, 10.91843225678995, 14.802450435791723, 17.795073324705513, 67.39074749814614, 47.68238840087024, 23.660406656924184, 40.81947735482856, 65.57755299935079, 40.61927126887842, 41.179352417374865, 31.77826614861355, 16.37758201923321, 58.14668457340377, 18.167895630135455, 42.78194197247869, 18.620037546306776, 44.305422995264465, 33.3133496367623, 16.16020248819355, 48.598543580599234, 52.20399325896889, 35.0396175531613, 50.63585765759404, 24.31438179944902], [42.51646925343239, 67.25285386957913, 69.2444713443856, 72.44288781397212, 100.49611100617987, 26.58134438631752, 43.057560693084234, 10.386518628403984, 78.01867222451648, 52.414866728266965, 39.20087502681027, 60.11817028104549, 55.71355210056358, 61.499131957057, 12.355639057724833, 23.243584764404627, 43.96200000341752, 10.76263218636142, 21.333386630119197, 20.48192215315793, 33.986905386995396, 36.89331587805945, 34.74451651145814, 0.0, 54.86712095738965, 13.220663582743695, 56.8167348472863, 68.2829364764866, 54.960166573991025, 74.19224040152213, 15.04734670678305, 76.74874473130035, 46.09449500986474, 60.78724520094044, 21.05674360650179, 76.6482514953792, 7.106768893149055, 59.02554353223322, 31.5956519907821, 39.1153515099355, 55.716856811198916, 18.31576187820164, 36.15398673558953, 11.489782487475594, 39.43788089125971, 32.18292131943764, 93.02200332171074, 22.392138805747297, 75.501349038537, 44.499069758924556, 21.45632454640557, 67.51976250320354, 4.810127076662912, 36.333067855653766, 25.707748198797344, 44.3918382904474, 82.43298590911226, 29.53888086325874, 7.05210988563248, 42.75281618936298, 49.43667644694594, 76.40431752711167, 37.711716080987465, 68.3351660789351, 70.72974783104443, 42.78175398982695, 65.72151460374023, 23.72503928611061, 40.343367670659035, 43.76959984881265, 38.94601544904761, 50.47192577505864, 52.12356759235433, 82.36194382420136, 38.9397245907515, 73.58276961430374, 89.8919656726973, 75.06714736229989, 34.59588054091465, 56.668028022166624, 31.868214867487023, 66.7917986762571, 30.20642641398955, 71.43770593373985, 28.26577624310474, 39.28660165831338, 68.05773919430695, 18.63571172658178, 79.75403330424025, 73.90971422478646, 61.62749625041267, 84.97656605013906, 51.05297257901134], [12.586824128228221, 67.3023771465693, 57.81769084850633, 26.514131378918723, 60.9530016812252, 52.947532616842345, 63.46136251337545, 49.61512125344884, 72.1851491775458, 2.452291179207097, 86.01974160112007, 76.13037896985402, 26.834756232298997, 79.40582335572812, 56.767266975875124, 32.70763642663012, 79.6254229159323, 65.28351241745663, 44.65937767933104, 34.84264855478008, 46.54194794293501, 77.7219406415921, 54.72386687963613, 54.86712095738965, 0.0, 49.06044493738505, 83.13320144964112, 56.09295368678081, 26.613264859722477, 49.28088702993658, 39.82164402499913, 55.00750867706343, 77.27061215675322, 10.45633939415851, 45.43764073343585, 44.432625504444644, 48.29561967054072, 23.323714996178385, 82.81587989574936, 17.998647368577394, 4.774548925887935, 67.67174605181562, 23.49431461519819, 47.33743302613369, 39.40713531057132, 25.515251360542102, 61.80066136192223, 65.31560737676418, 84.63326087081613, 14.830550933972871, 76.25418886649773, 53.63586699628992, 58.99530427043867, 20.400331589195588, 38.67435032659598, 83.55428776353129, 47.52385221483834, 84.14131676225443, 47.89139473728014, 17.644866321482226, 81.8007090632683, 91.51078058738425, 18.850537698614765, 51.10433646047125, 29.903981499177835, 17.01898496575682, 51.87377719074657, 40.969367472844695, 83.10808478042213, 51.86667967434973, 41.544245724517, 52.713593064035166, 26.490948188814222, 80.62337974209233, 76.55864879028064, 88.31972281571377, 54.216183867304906, 72.57965184385161, 20.306452985623103, 86.28107771154248, 38.456534995790925, 16.50599597801634, 68.24401394738175, 51.44840859862326, 67.38389903901364, 15.659502880381948, 72.34291454290573, 51.03549631578286, 97.85946774324088, 39.44060625215579, 88.95468803175287, 91.08662956444793, 42.01477103721965], [37.78598717838216, 75.36750258307738, 75.1227653239755, 70.34773875500315, 101.1648727376603, 36.42229328766054, 53.53658432667508, 2.8888004684741335, 85.50164413962277, 46.678925078634606, 52.29718629794587, 70.8007304512148, 56.272629854692106, 72.54445088683073, 7.725714860508144, 22.689813725405735, 56.80666245938846, 19.27500411122395, 8.332460821845121, 19.604012700444716, 41.37237415962898, 50.01695784157527, 44.25207641712873, 13.220663582743695, 49.06044493738505, 0.0, 68.92253569263649, 73.93572039999854, 43.940010713042085, 77.40902755232872, 13.867190788421668, 80.82615212857544, 58.497483490846975, 56.73729443632067, 28.531906676776895, 78.30217621781789, 13.70261703597021, 48.67621768958816, 44.07960367978835, 36.37466644443617, 50.963219686974284, 31.502072771931413, 35.343814706864244, 19.222124505438213, 44.41225739309058, 23.9576321513033, 95.614896686474, 35.344660320334356, 85.61688669128543, 36.420080678193635, 29.880248585415057, 72.7539110807892, 14.09174469564235, 28.8933125702912, 13.757523923856454, 57.50830679519394, 83.71665662995757, 39.61742321690353, 10.190859286706774, 40.84013572336033, 62.070664204369436, 87.48357403416131, 34.84144897169329, 72.8912712022814, 69.9007764639932, 40.63364892744805, 70.8335761764357, 11.387311772056059, 53.56009897219691, 51.632725120255586, 44.56257929534295, 57.76838669578336, 41.068711262398395, 90.79649826971023, 51.85609095345176, 84.53136232852935, 91.27555713281984, 83.0726404849148, 29.324794395107077, 69.1660969435597, 36.720506240483004, 63.127626410776685, 42.88869422387816, 75.59098406282503, 41.00273554662402, 33.63966255493605, 77.0247185142405, 28.484366349379624, 91.33035864755927, 74.86169779033933, 73.97462525353576, 94.87198061144476, 55.772941889450905], [72.90444037929059, 33.86506197426352, 46.7960145756131, 82.3123528270528, 91.82246557918504, 34.42277483729156, 19.705415328275375, 66.0942865531756, 43.54318080594494, 81.34186591489593, 33.633039535831124, 14.041118029204895, 63.028695337825184, 11.630663520977649, 69.05533009321502, 58.614888877081846, 15.848251683961353, 59.587894992091506, 75.64628386607609, 59.229525586655775, 36.95175044205325, 24.610605842691676, 29.22683933377679, 56.8167348472863, 83.13320144964112, 68.92253569263649, 0.0, 47.42446946981617, 98.80652520771447, 62.01340064003261, 60.13464467306621, 59.68586372966476, 11.123756104285492, 81.47436155505277, 43.88471904531145, 70.2848346609556, 55.43763631196461, 100.0538452001059, 43.302158161722495, 66.34918991693884, 80.49014951716511, 42.33498585825345, 60.57938190247302, 50.53223258529301, 43.83728178951647, 75.12673640971765, 77.672100528461, 35.18213289524529, 26.87626706962979, 82.54609856631316, 60.46539416004074, 49.074662802516485, 59.0804546915149, 75.93129076077153, 77.33595725074638, 20.066460438757826, 75.71475569520909, 56.49630794967321, 58.930062585813495, 65.52536676207781, 9.80755281060122, 22.38440416111054, 66.15726338737058, 52.67467884531402, 76.43671215915245, 66.18634293524606, 48.79337308348223, 76.42485285347726, 26.244402975933216, 31.899201725759575, 41.65412083966705, 33.969778726345965, 96.53092294573277, 41.41269600057577, 20.40523929078822, 20.604586242379856, 80.62753624965569, 38.80560322061998, 70.40005894937072, 5.098007989376952, 45.40291580789423, 84.12677099414795, 27.035371628001755, 56.196919096247726, 29.02102457749722, 73.50533984762255, 29.179828428780155, 41.25799195185331, 23.633597010527527, 71.44649418831138, 5.840798590719055, 35.697769667520916, 45.569427964714045], [52.29345301106403, 15.549593926410173, 1.733019966265739, 42.17504272855669, 44.39813399804338, 43.98871618587762, 35.71262619053924, 72.11597053070557, 16.187666515444235, 55.53571879487823, 71.7643439799303, 34.10055964999016, 29.28260832789856, 37.45514992052077, 78.76100006640358, 52.44205576639149, 55.37397359013226, 77.15969354607012, 76.2743289303891, 55.1656556640335, 34.527327537766645, 60.17180795688821, 36.99847650011329, 68.2829364764866, 56.09295368678081, 73.93572039999854, 47.42446946981617, 0.0, 80.58417748858776, 15.113871161735908, 60.21373882615333, 12.301416894424454, 49.67876609527968, 49.13232063622357, 47.22639166761876, 24.234790140763995, 62.36367887509272, 78.80551010336421, 76.45174701150702, 47.17956447207559, 51.69217776106894, 65.968043048096, 43.58640279783874, 56.94415578700478, 29.524319489856616, 64.10920025354955, 30.66212289876645, 58.41069872095041, 33.571516087393775, 63.94842971978568, 84.29780448330862, 2.6392665000487736, 72.80273479455886, 61.5732751629715, 73.95157264100384, 61.08981172624628, 28.95128744748962, 86.06398178259924, 65.12473916885475, 43.19022134189907, 52.89663569054267, 42.92054116722685, 48.13644600962687, 6.38856783846873, 35.303546875878894, 43.91560712618671, 4.219176622956537, 74.64321387111137, 65.00713627983548, 26.10536348813742, 29.534553445286328, 19.217115980624758, 79.43507709168068, 24.954497759365942, 56.18137528081288, 40.292402318185104, 33.25194416859612, 17.522876118921594, 55.76410914812919, 52.4054807899879, 37.23946985481231, 48.4460081105251, 54.05065242537658, 9.151845530428684, 54.97098459682795, 55.77939226792546, 21.73868793287695, 50.57745968863177, 50.004203894212395, 26.93201532431153, 51.71173518306943, 37.179338029475666, 18.399836824410237], [28.62267054704683, 89.79431957821373, 82.26259600061691, 52.473082001344075, 86.8034744930033, 64.99446614384122, 79.52849761795133, 45.92634702116668, 96.25153121896173, 26.1488204283706, 92.71216490889286, 94.78739916663687, 52.06629101430675, 97.68419056304087, 50.871184914757144, 40.5788084373173, 91.4504415581267, 63.149482338835234, 36.29775923746313, 40.721182068110245, 62.37790454322399, 87.14680107640474, 69.62435108118265, 54.960166573991025, 26.613264859722477, 43.940010713042085, 98.80652520771447, 80.58417748858776, 0.0, 75.44066433630736, 42.401052214573504, 80.98975853214289, 90.7396220629232, 36.76789564732088, 55.72697389658947, 71.01815098048175, 50.57964827918326, 6.2531814837947675, 86.41978716664102, 34.660576881214126, 31.365467408485127, 72.06946698479474, 39.83885540129607, 52.63742371856288, 58.10061261031546, 24.43308673874129, 88.40507100913823, 72.73457665227481, 105.76366366083239, 17.10393719107463, 73.81207196153969, 78.30487205932673, 57.50275866277304, 22.87665054744322, 30.20504674463896, 94.08298907066985, 74.11069587187528, 83.49707821030796, 48.401417062139984, 37.769562119858016, 95.11005427904472, 111.27406980183602, 34.23140341518072, 76.23907564170936, 56.447081388010716, 37.016015475208334, 76.41822845022108, 32.67223459348246, 91.89409463599738, 70.43927961340849, 59.84223435445873, 73.2636063208463, 2.8713114144832392, 104.1933019368651, 87.3418579825128, 108.04919485755076, 80.690220166567, 95.95947418531645, 28.521902105757523, 100.9183309144563, 53.972231575991024, 42.01460111309554, 78.13253843673787, 77.05312780617407, 76.71852376170207, 26.197110357941394, 94.08761729325362, 59.9802239887359, 116.97747638200256, 66.04539209621512, 104.58226654994391, 113.25913213543488, 64.32818450068017], [48.90155289041735, 30.607184130067207, 16.273680601170255, 29.913957784361322, 30.33438968322139, 52.91194655032751, 48.33141651265628, 76.06118101019503, 28.48535019683741, 49.35837804516189, 83.85993029789682, 49.01968032978619, 23.903692965711524, 52.429694566834314, 83.26938061645878, 54.81673767539125, 68.57493252203375, 84.02033519040667, 78.15425772921812, 57.84751752877884, 42.55493211178454, 72.39038400309204, 47.2458748548914, 74.19224040152213, 49.28088702993658, 77.40902755232872, 62.01340064003261, 15.113871161735908, 75.44066433630736, 0.0, 63.57655216447489, 6.030002256955504, 63.19434415038781, 40.49791477809501, 53.71471511583024, 9.368229359287263, 67.59086630953409, 72.60272632781154, 87.23518292861532, 45.28517081829064, 44.54701161174783, 75.24539775795026, 43.39567325667196, 62.71789544711503, 34.98611729863038, 63.097916835311395, 19.01683418697485, 68.32373132976909, 48.27096053151394, 59.98245798398779, 92.38181332302763, 13.045056328526712, 78.94075498669784, 59.566818201399336, 74.69269685522967, 74.21592081162709, 13.853351836666553, 95.53683124886386, 69.81864301332308, 40.61945582666482, 66.74605339292995, 57.83768376561161, 46.57371749770333, 9.338721827406694, 23.100479970844894, 41.22397400413367, 13.231833695362694, 75.86494624547657, 77.53459856291754, 36.63604204826625, 35.9271263623124, 30.657552381085612, 74.79442144193484, 37.40968335500183, 68.73213571440732, 55.29440885809215, 18.868632155167443, 31.264825854669517, 54.393966057602455, 66.90256765728951, 42.34667113581682, 38.11517779224587, 65.24056010440181, 5.963722310129869, 65.84397681775222, 53.13593280859193, 36.7755675140337, 58.163162407914456, 64.92178571166072, 13.103588342997245, 66.53521130408795, 50.76634626519681, 23.74134527366987], [27.484905029308077, 62.45669119050784, 61.440097680503754, 58.252987605028075, 87.91118181427959, 25.928261565385938, 42.8219476481408, 12.556721354431415, 72.24561108395532, 37.36935295626278, 50.333312241251896, 59.91030110975369, 42.90185213198667, 62.04962364026959, 20.0094675921885, 9.175213443521523, 50.251451622617225, 25.59080606575676, 16.87726105181364, 6.073691734868867, 28.664627813492523, 45.07424924717575, 32.93869773450467, 15.04734670678305, 39.82164402499913, 13.867190788421668, 60.13464467306621, 60.21373882615333, 42.401052214573504, 63.57655216447489, 0.0, 66.95897563034548, 50.61528087769142, 45.924050032041954, 16.794392245889807, 64.7187650887475, 8.726161948572903, 45.69574099918207, 44.70927542629588, 24.437918619571587, 40.72225178733418, 29.905349454223618, 22.27838890968389, 10.390087726484545, 30.726726868697664, 18.295233063568293, 81.88029108743052, 30.431422379119052, 73.97552932990168, 30.036620304136378, 36.47441159315743, 58.96959852429163, 19.317041729269395, 21.815068143276367, 17.24307363131603, 52.24201568535952, 70.23992872336706, 44.42571171461528, 8.144844965285216, 28.430720516021964, 54.682380499342244, 76.83283261265274, 22.976188688792625, 59.04120932095516, 57.145051117206194, 28.362753391034875, 57.037831707116965, 16.621539735274006, 49.62074415457969, 38.90202855006659, 31.034600313947507, 44.65527197056568, 39.6891261196616, 77.94664205707886, 45.7573491851263, 73.75605281318197, 77.78918123857554, 70.05413818614377, 19.57075585707176, 61.24168503984351, 23.123692449713445, 52.04153086365695, 36.4464254071697, 61.72466640988195, 34.853956727209024, 24.26647652584426, 64.58867971522196, 18.978903222653553, 81.3094152704163, 61.453394598528796, 65.5950021614221, 82.96573191288878, 41.97195872707775], [54.00366623121826, 26.94569535202617, 12.916352150031967, 35.895574801083, 32.16111747235707, 54.12137640993939, 47.611903182136054, 79.31743755262004, 23.222227318604563, 54.98975923893298, 83.56370420985986, 46.22004822850295, 29.102576219732132, 49.50614762817106, 86.36349100250024, 58.44780121179402, 67.51651449732749, 86.25069361315896, 82.0686416450678, 61.40718741218863, 44.035208643973604, 71.99676033234257, 47.80047239883197, 76.74874473130035, 55.00750867706343, 80.82615212857544, 59.68586372966476, 12.301416894424454, 80.98975853214289, 6.030002256955504, 66.95897563034548, 0.0, 61.89126651156267, 46.412360127642835, 55.925135651483885, 14.73024261804655, 70.36315454836739, 78.30936241668168, 87.69357946851576, 50.009745360814485, 50.30005174270219, 76.41463308154285, 47.65650476815179, 65.26309261631194, 37.31101828601865, 67.73221304382034, 18.509216883972577, 69.16637392632468, 43.84799741555852, 65.2666932157239, 94.13400614351667, 11.118155363718634, 81.43149046473373, 64.42358139536385, 78.91941384229402, 73.21946528784285, 17.982564967423944, 96.67026231825392, 72.79067823371795, 45.458113294325194, 65.17208923900097, 53.62770063142432, 51.22852459769916, 8.686093577488586, 29.109160320313382, 46.098240844149394, 12.194149265799018, 79.9613961544828, 76.9542270861476, 36.93057195437447, 37.931861057562585, 30.403579611739, 80.25545737882614, 32.00708209351892, 68.12039021972616, 51.252914046625456, 21.202339162369103, 26.447585801059628, 59.064699361451865, 64.68335212099342, 44.93302921322001, 44.13708207093963, 65.42020587486779, 5.311080073857364, 66.19454058636289, 58.101082391465305, 32.96442708490004, 59.977161587800126, 60.68199948412921, 18.95885660735356, 63.868623679253666, 45.61799522363127, 25.710630824069423], [66.21856647065931, 38.46002246748283, 49.42662879699198, 79.8321013533517, 93.50275154769399, 25.745168750455537, 15.551735518480267, 55.638269592365816, 49.30031732489005, 75.29355762151398, 24.44347311432083, 20.764170868985296, 59.94478872105591, 19.935676919065454, 58.23600961780966, 50.18441087929831, 6.134267754165992, 48.49134805213586, 65.51996856455256, 50.40088934765603, 30.801146824408068, 14.075156226289362, 22.571355564743783, 46.09449500986474, 77.27061215675322, 58.497483490846975, 11.123756104285492, 49.67876609527968, 90.7396220629232, 63.19434415038781, 50.61528087769142, 61.89126651156267, 0.0, 76.89432073898914, 35.086126793982864, 70.61780115030881, 45.22801236658522, 92.49018552983017, 33.03383735281377, 59.78597856577555, 75.12991447297692, 31.21248997426257, 54.031424918924884, 40.63954880227214, 39.039406921356, 66.61228851655393, 80.33908576720665, 24.161553254430817, 36.0023067828762, 75.0351804177839, 49.44063747140347, 50.83334777927547, 48.15107606867543, 67.94033484063297, 67.64250624864275, 11.725446832362193, 76.39115886118691, 45.92926878096551, 48.66982393296715, 59.66756621886632, 4.530107236281865, 33.05048028417477, 59.38049084588996, 54.026252560753505, 74.52010409234497, 60.26566570927574, 50.1247067509383, 66.55751563482877, 16.960754564766923, 28.788163392844435, 36.823820396903685, 32.99014272292859, 88.32954471027327, 48.906199280552855, 9.612254980383966, 30.911568357390582, 82.06213187183764, 44.7600884191004, 62.72622284379611, 10.69891514845229, 38.83828627375599, 80.28222978558318, 16.03199826346946, 57.71979822082129, 18.017180648929685, 66.23429056292588, 35.122816056047725, 31.64152067636388, 34.74894163016507, 70.98751592518876, 15.533330248577101, 45.344165335158756, 43.529876321486185], [18.952504676872245, 61.771882610557505, 50.863293034678186, 16.065726876697134, 50.49673706284576, 54.25934103266601, 62.17156607704178, 56.89648471236659, 65.31604510268227, 11.867004323259739, 88.46302778853311, 72.95334418701331, 20.368802858831174, 76.3778426842098, 64.31357169728962, 37.67929978437155, 79.98167937550814, 71.4743718634964, 53.28077356468569, 40.310714715113846, 46.26735317677716, 79.22589905739954, 54.471014475821846, 60.78724520094044, 10.45633939415851, 56.73729443632067, 81.47436155505277, 49.13232063622357, 36.76789564732088, 40.49791477809501, 45.924050032041954, 46.412360127642835, 76.89432073898914, 0.0, 48.08398207170519, 34.75753763321418, 53.8667589618688, 32.8923450017369, 86.54407217302371, 21.754610212690984, 6.304147556141963, 71.55699682259524, 25.90094127002496, 51.904131432827306, 37.913695079458805, 34.228329932788796, 51.74354138444176, 68.09779350938406, 79.73400628743062, 24.910677837908878, 82.21992965165244, 46.55798208385748, 65.22385496922763, 29.184612455786887, 47.62980557035845, 84.4084618067959, 37.41354951483447, 89.33964719841477, 54.06032950397991, 18.98266852227921, 81.38382599448965, 87.36942384401313, 23.100837101412026, 43.59779264680305, 19.71733655271623, 18.69360966428552, 44.96425920860076, 49.764436434424454, 84.74474990679467, 49.60111332692906, 40.133950522699266, 49.07043939985917, 36.83155493518614, 74.04273363783665, 77.48630165291594, 84.2496300877403, 43.92288597947378, 66.26401502566087, 27.414711394802854, 85.09201274868721, 39.05250764996453, 6.508787384434404, 69.85096072646789, 43.39148148416436, 69.26862104939308, 23.28560541474735, 67.2488120147596, 53.88742952707027, 94.01143702123674, 29.682837078863347, 87.19571615712927, 85.39620021220149, 37.56425293624355], [33.22696267917385, 46.968131193042915, 48.19228403531219, 56.4801909266038, 81.26532376522255, 9.468555791386514, 26.04130118866545, 26.18123925094244, 57.394811613871695, 43.164147199200265, 40.629008745773206, 43.11934442966004, 37.687691591441954, 45.26504457604833, 32.01814737105144, 15.151374665730122, 35.8106384235058, 30.34212294436035, 33.429678300243694, 15.37248003757702, 13.102643893797413, 32.535196891296074, 16.154029132668352, 21.05674360650179, 45.43764073343585, 28.531906676776895, 43.88471904531145, 47.22639166761876, 55.72697389658947, 53.71471511583024, 16.794392245889807, 55.925135651483885, 35.086126793982864, 48.08398207170519, 0.0, 57.04028710740388, 15.505332881963557, 57.78433499425785, 38.647326902444725, 27.462232860121656, 44.530216289623425, 24.0182576426899, 22.328610444549327, 9.85312507952309, 18.730467596338936, 31.52620984200572, 72.6870820480264, 20.042043007852495, 57.36384156241003, 40.52558389811953, 38.89623917674504, 46.488508388345565, 25.60806671611507, 33.055652296601174, 33.956109210874075, 38.902816645854585, 62.99171732303531, 43.46486185895255, 18.675991932204937, 29.136683759004622, 39.407580014086925, 60.038506371276156, 26.601549725606667, 47.42177338830739, 53.43402683401191, 29.499766743287754, 44.7093564089184, 33.415627350656166, 37.79857190030764, 23.230290483923273, 18.000457792306758, 29.671199198699554, 53.275625557167906, 62.3365545499508, 31.980480951252783, 56.9642333019602, 70.28256173019433, 54.72728757852937, 28.223741087168104, 45.46441714707642, 11.680609779966122, 53.118621746835075, 23.10893615250675, 50.61970799364434, 22.060559176818597, 32.20868955914881, 48.49292853199658, 5.818614630009092, 64.56253305422335, 54.87681302846245, 49.49903032500635, 66.48752524736929, 30.223994087963987], [46.33973391380985, 39.78396402474626, 25.510185904418673, 21.958787953766514, 24.33563232223237, 57.682788511804524, 55.368183413054055, 77.2714279431744, 37.77370720018039, 44.932322447604946, 90.1213953981477, 57.678871273902175, 22.273220738317114, 61.14372129779766, 84.70157952964004, 55.64032397497604, 75.72950377157181, 86.90478521699264, 78.04766912553163, 58.74990967212271, 47.205314007729505, 78.83774143466977, 52.94469220356758, 76.6482514953792, 44.432625504444644, 78.30217621781789, 70.2848346609556, 24.234790140763995, 71.01815098048175, 9.368229359287263, 64.7187650887475, 14.73024261804655, 70.61780115030881, 34.75753763321418, 57.04028710740388, 0.0, 69.76804138015096, 67.57005967473064, 92.58563167640649, 43.87990833892932, 39.66407534589232, 79.76867545220979, 43.186858591211454, 65.34762329659151, 38.70878016301151, 61.543669345958634, 17.977389302234766, 73.35026623040689, 57.60172627534103, 56.644792309756184, 95.93362870236403, 21.957778460718192, 81.45372260330515, 57.49098471865125, 73.94867123708275, 81.27212063331388, 6.056235454262445, 99.95156067342614, 71.61900389628687, 39.06127685199393, 74.3858825460063, 67.11067128646503, 45.31210697868284, 18.070540391511344, 15.620660524877923, 39.545443510945944, 21.744400866839065, 75.39512460452444, 84.14465767600883, 42.88999880847654, 40.07994154857663, 37.654654429923085, 70.6955350481542, 46.65252036389721, 75.43928269850664, 64.519952643462, 13.261585381225045, 40.63143314264351, 52.902493638512794, 75.06858396055115, 45.375894381524944, 31.260079739315643, 71.11130985264226, 15.155783225570431, 71.50709325852785, 50.88001484079475, 45.97126379351188, 62.000130886412634, 74.19639587026728, 5.101127444163063, 75.02442564256752, 60.102352013480655, 28.654539564523926], [35.826833135486986, 62.43596279631784, 63.41102100159003, 65.3455584647943, 93.52122716643741, 22.768893349061802, 39.85109702319647, 11.04683703303561, 72.89966208588174, 45.84620624493773, 42.229941071188975, 57.111458426666765, 48.67014936535081, 58.84193291953367, 16.523092009740967, 16.223974223088113, 44.02992694206912, 17.85312996474692, 20.29458131475473, 13.584191258088872, 28.60246122273747, 37.98653900561119, 30.70351398720821, 7.106768893149055, 48.29561967054072, 13.70261703597021, 55.43763631196461, 62.36367887509272, 50.57964827918326, 67.59086630953409, 8.726161948572903, 70.36315454836739, 45.22801236658522, 53.8667589618688, 15.505332881963557, 69.76804138015096, 0.0, 54.15653933468073, 36.0865746623872, 32.143825620455615, 48.9266255315448, 21.49025495165275, 29.05610279134233, 5.716227753258758, 33.13072370040833, 26.84116622819273, 86.32748969856347, 23.130360105309077, 72.02225647736238, 38.75150660328115, 28.36848965953203, 61.45310892405823, 11.861883099498163, 30.52968172172062, 23.048606812976068, 45.36199857689939, 75.5113047039301, 35.84741564064047, 3.5219559153593383, 35.6881677022306, 48.98819004083648, 73.78097333674326, 30.76742267636913, 62.05942152866112, 63.63085028184581, 35.73338738453085, 59.60852353694638, 21.60367250368136, 42.15192818398422, 38.71876812090665, 32.84957696438047, 45.16746799076154, 47.80878239890876, 77.75740185936915, 39.249409829551915, 70.83098656916498, 82.9934646955378, 70.20987616011301, 28.161335791623756, 55.92590063991188, 25.43808010593795, 59.80823941801585, 30.03809489706036, 65.05821850585714, 28.257939389321105, 32.85423553453151, 63.749243226898805, 14.79005039956546, 77.66195255026567, 66.93569446083852, 60.609452554428856, 81.33598127439089, 44.75213902925026], [28.03740304918544, 88.8977834524412, 80.51139936520958, 48.117883442822226, 82.17582808327843, 66.81960988130778, 80.54038131667362, 50.468581822166406, 94.71668329008222, 23.39823226684769, 95.95825616557785, 95.18521545247565, 49.79384188012633, 98.20795044850172, 55.85566046184995, 42.70974969591933, 93.59259331419543, 67.70947345429732, 41.369507335616895, 43.28149655906078, 63.253205338295665, 89.78921023088168, 70.83179534578254, 59.02554353223322, 23.323714996178385, 48.67621768958816, 100.0538452001059, 78.80551010336421, 6.2531814837947675, 72.60272632781154, 45.69574099918207, 78.30936241668168, 92.49018552983017, 32.8923450017369, 57.78433499425785, 67.57005967473064, 54.15653933468073, 0.0, 90.21038667061887, 34.47015798832161, 28.074837801097146, 75.58389784207061, 40.00552961095911, 55.673256277910106, 58.154179566731486, 27.408164995203705, 84.61837350821588, 75.66140447631743, 105.41872674594671, 17.509712807608192, 78.52535813377487, 76.43153954860125, 61.88285151769484, 24.770293339552012, 35.094789444345366, 96.53480158164929, 70.28049705331564, 87.99852472148132, 52.259613899306125, 36.895570671169324, 96.92783633747636, 111.40197165603745, 34.315040636373816, 74.11400606000528, 52.584341913263856, 36.13961931714929, 74.60043523971929, 37.62403071090487, 94.70682401075037, 70.68387191895603, 60.03172024408801, 72.94237142647398, 8.57463125723156, 102.90114371419595, 89.68927290159348, 108.17652268255297, 76.60733749291111, 94.72842626216371, 29.76695790507796, 102.44302900393512, 54.77689302346928, 37.61336058049915, 80.59643639923725, 74.64521905037792, 79.28765520412325, 26.593781722928064, 93.48362888606482, 62.40954397483967, 117.32680099522389, 62.523930191600634, 105.8712558480258, 112.55764689639332, 63.34524790258264], [70.24654333644332, 68.7894524865665, 76.73328445804248, 94.92959610580013, 116.83389826987104, 35.05236678785089, 41.5115515555109, 41.50321546699902, 80.14256297722045, 80.42104305097052, 11.348483768522884, 53.46153954345272, 75.57653655936029, 52.94692009407402, 39.58631514172036, 50.184789493817185, 27.480590418473028, 26.131447320439417, 52.411591749123545, 48.40782646010792, 45.46557243252445, 18.963143051803062, 39.99797275151933, 31.5956519907821, 82.81587989574936, 44.07960367978835, 43.302158161722495, 76.45174701150702, 86.41978716664102, 87.23518292861532, 44.70927542629588, 87.69357946851576, 33.03383735281377, 86.54407217302371, 38.647326902444725, 92.58563167640649, 36.0865746623872, 90.21038667061887, 0.0, 65.27310694189178, 82.55829765172905, 15.146677929444271, 60.64636839050177, 35.608405490520724, 54.41227572375077, 62.9276093762773, 105.93298992377487, 19.38142052051938, 69.00657699374112, 74.68754263818805, 20.550115257875984, 76.79604899616069, 30.03350051443777, 66.48034418380249, 57.25329844313095, 23.776371583557577, 98.64136908019074, 13.487948146753418, 38.021672750257544, 67.56298365966454, 33.53124733013925, 65.68588186781024, 64.17203734765924, 79.08460351782529, 91.41250540310563, 67.8583815125963, 75.51223859697686, 55.168918396563434, 17.4671590271297, 50.77606591982524, 52.74804771527099, 57.35660610624503, 83.60419920344447, 81.11907239685615, 23.484536882895963, 63.77959518752067, 105.42905860102115, 75.94649055230353, 63.44717639935827, 40.386010673055814, 49.33091378041269, 91.73733279841301, 22.42625566794455, 82.74307327572836, 21.50511620516418, 68.03619230385705, 66.72070636685825, 32.83935909546599, 66.27284550857935, 91.35863790847318, 45.663055347491, 78.37798539739889, 63.97950445905789], [6.5718190727378865, 55.22713197964537, 48.777534312945505, 34.015378514041686, 65.41990635199846, 35.0319860376722, 46.662484743741544, 36.087956259149095, 62.26823237769836, 15.783800281565622, 68.07796673842425, 60.75060277284083, 21.735390622387524, 63.81929626448658, 43.64664316064383, 15.93259761099413, 61.847232037103794, 49.844042359892164, 34.61043078486745, 18.642186698056086, 29.409226491416774, 59.732720191336355, 37.40313282416457, 39.1153515099355, 17.998647368577394, 36.37466644443617, 66.34918991693884, 47.17956447207559, 34.660576881214126, 45.28517081829064, 24.437918619571587, 50.009745360814485, 59.78597856577555, 21.754610212690984, 27.462232860121656, 43.87990833892932, 32.143825620455615, 34.47015798832161, 65.27310694189178, 0.0, 17.286512285932925, 50.17654860361237, 5.779291042911221, 30.21661061309881, 23.684219322329984, 17.827186615378366, 61.79195192751439, 47.40972488396084, 71.13673041654168, 17.556841774933474, 60.51115637369947, 45.1409210182034, 43.630218628360026, 14.489146286864806, 30.114714053791403, 65.64209223695316, 48.72958042519235, 67.60053993203783, 32.51270130116875, 4.821583080810822, 64.30834356269283, 76.93521712795656, 1.5367834475250242, 43.73650602545605, 33.6853367241448, 4.40537625243124, 43.17357563436899, 31.68819156669054, 65.11085467801355, 36.23177180800509, 25.581547387309076, 38.62663452180722, 33.04298032323279, 69.88526705681852, 58.645778461257684, 73.70938778283009, 56.22114431189099, 61.62210444477266, 9.11794788231838, 69.16756730722378, 21.027304065503895, 27.6764616327803, 50.25457238090588, 45.33521151576625, 49.38526480250746, 8.689839305879138, 59.42926603628281, 33.10974818846618, 82.86879717763256, 39.79122021486851, 72.18995750115877, 78.6075949479581, 29.93884691538825], [13.308283070309907, 63.30011431810924, 53.42166615710415, 22.23833408119367, 56.570887900761704, 51.45664121922464, 60.913959528452885, 51.26580723839059, 67.83111233946569, 5.645043195908633, 85.14379011356358, 72.90924458026396, 22.41084942690039, 76.24429742898127, 58.60010027607126, 32.91443750989969, 77.79851507400117, 66.31189221110732, 47.20210893671584, 35.346431113603536, 44.32897100746613, 76.39642104699571, 52.56307034507993, 55.716856811198916, 4.774548925887935, 50.963219686974284, 80.49014951716511, 51.69217776106894, 31.365467408485127, 44.54701161174783, 40.72225178733418, 50.30005174270219, 75.12991447297692, 6.304147556141963, 44.530216289623425, 39.66407534589232, 48.9266255315448, 28.074837801097146, 82.55829765172905, 17.286512285932925, 0.0, 67.4626889301601, 22.22026634712038, 47.41472143468572, 36.65287541210791, 28.083436879011654, 57.07384025544475, 64.55539228449835, 80.850165826918, 18.637201197919037, 77.1724410758628, 49.20333627927183, 60.0325755635422, 23.004245312338114, 41.45817125310989, 81.95119468469578, 42.81768628646587, 84.64817045167727, 48.86348774978205, 15.671759925315003, 79.6527831801296, 87.98246980364934, 18.440830933384223, 46.57524140368358, 25.24805173224829, 15.181570829701071, 47.47575533931917, 43.634684409873174, 81.8535919313405, 48.90001952011553, 38.83959069406167, 49.26264452651202, 31.173774178047722, 76.35153020281695, 74.97335415705741, 84.81101264801286, 49.57934569852408, 68.3674963172454, 21.689606325049095, 83.828392989017, 36.55381065106507, 12.756122326890504, 66.94196131931523, 46.817739346810036, 66.20670220899322, 17.34442226841068, 68.4801735340147, 50.25706059363818, 94.43811816263202, 34.6802981536003, 86.28301413639346, 87.07144675332297, 38.24839848914267], [55.10046371927308, 60.80529123688922, 66.51079932168318, 80.49839903094535, 104.10429236818617, 22.3416135823423, 33.69546243488321, 28.695000292183423, 72.16861317314336, 65.27531723157928, 20.955544351121315, 48.934868815524354, 61.53378265479301, 49.43208293327596, 28.860487560012565, 35.04167426086549, 27.658091786373266, 17.435933074168545, 39.64743481221691, 33.315250508840435, 32.71843090681, 19.55861060092966, 29.008262822356023, 18.31576187820164, 67.67174605181562, 31.502072771931413, 42.33498585825345, 65.968043048096, 72.06946698479474, 75.24539775795026, 29.905349454223618, 76.41463308154285, 31.21248997426257, 71.55699682259524, 24.0182576426899, 79.76867545220979, 21.49025495165275, 75.58389784207061, 15.146677929444271, 50.17654860361237, 67.4626889301601, 0.0, 45.66040148250959, 20.492054708138916, 41.10162579444174, 48.19802922253885, 94.20341410341811, 8.124719913082536, 64.86954199594948, 59.729980794897045, 19.3473217087223, 65.91432575683277, 18.467761731916784, 51.54854512883761, 43.765186999767245, 26.938462068827832, 85.80658196152224, 20.29229734049169, 23.879354921108238, 52.59424226176555, 33.67437788590782, 63.750137692599964, 49.05506655365814, 67.72858415290645, 77.34190376878722, 52.86344265617354, 64.4198971531608, 41.91785248426016, 22.278407081121742, 39.86356631715624, 39.693625276963296, 46.79419922440785, 69.29514487219652, 74.67070176356515, 22.550677229503222, 61.28778834417838, 92.8562288004017, 68.42912229014154, 48.345926533259316, 41.101799672033316, 35.23376067275927, 76.87060329028746, 15.670455160181403, 71.26145428149569, 13.791066795622775, 52.916238970038826, 59.98171888793587, 18.32980025536481, 65.94120563459653, 78.09966016611074, 46.35476883382461, 74.49041179466545, 51.563976343132666], [12.325453873364141, 50.525560648937486, 45.11145368701548, 36.289515522618814, 65.82343491977869, 29.454872470375054, 40.89942455952758, 34.60661740279609, 58.142393960562, 21.37519100117428, 62.925286695986685, 55.18215705364016, 20.986465607423078, 58.20627353335128, 42.16632906167346, 13.148403600029667, 56.1743193490046, 46.90917388907596, 34.92899203362092, 16.209456097520743, 23.63399876787846, 54.28542584246253, 31.62622487146856, 36.15398673558953, 23.49431461519819, 35.343814706864244, 60.57938190247302, 43.58640279783874, 39.83885540129607, 43.39567325667196, 22.27838890968389, 47.65650476815179, 54.031424918924884, 25.90094127002496, 22.328610444549327, 43.186858591211454, 29.05610279134233, 40.00552961095911, 60.64636839050177, 5.779291042911221, 22.22026634712038, 45.66040148250959, 0.0, 26.31329402832461, 18.264463897442514, 20.52300381915784, 60.81984575325513, 42.368427509165656, 65.95947327791357, 22.79932098810896, 57.26825788550675, 41.732185402327595, 40.84148197946259, 18.339039590334735, 31.304073929908608, 60.05997337001708, 48.45183683404616, 63.779401794108814, 29.990771796404584, 6.9398040307076165, 58.55604430844907, 71.49569157638643, 5.690498508859967, 40.746433018604534, 34.87033311067932, 7.212610513480507, 39.74289960187017, 32.48675861327305, 59.70794772099174, 30.699772849133733, 20.0565627280882, 33.50269505031129, 38.047556639534, 65.45519583216632, 53.06437469855894, 68.2692765978873, 56.009154247284464, 57.19178707116749, 12.335871535368351, 63.38847681462419, 15.249284355133739, 31.311056301161397, 44.81315003103784, 42.728157426571606, 44.02255135620792, 13.642259606738502, 54.458869690466, 28.08807911243194, 77.3365296325044, 39.55925245974029, 66.41998263422498, 73.65823873755559, 25.701850862860955], [34.75060889792154, 56.73063189065922, 57.950747223387886, 62.343816264609686, 89.32659460237271, 17.212528626469215, 34.34970493917, 16.671710712030052, 67.23272960252525, 44.92031028054434, 40.3045566606282, 51.61425805414902, 44.80009534842812, 53.44027101948507, 22.178103015989663, 14.63096270658895, 39.97445813571284, 21.57203195237131, 25.168013604877032, 12.832298777667935, 22.953301700270394, 34.68650402906494, 25.048662144868704, 11.489782487475594, 47.33743302613369, 19.222124505438213, 50.53223258529301, 56.94415578700478, 52.63742371856288, 62.71789544711503, 10.390087726484545, 65.26309261631194, 40.63954880227214, 51.904131432827306, 9.85312507952309, 65.34762329659151, 5.716227753258758, 55.673256277910106, 35.608405490520724, 30.21661061309881, 47.41472143468572, 20.492054708138916, 26.31329402832461, 0.0, 27.95386688028817, 28.313854637730664, 81.5738157495442, 20.10084909796328, 66.40162308632955, 39.374201499722226, 31.240962198186214, 56.114940752662925, 16.22311712540823, 31.255051608557416, 27.018675689789237, 41.8565815103209, 71.18349783301247, 37.48083209598087, 9.082691251535774, 33.19083501946581, 44.58709510094837, 68.36156745802751, 28.982484155033863, 56.86591399048214, 60.133368804793456, 33.348622548709315, 54.29855209138699, 25.933030925798807, 39.27963365257435, 33.02565838745195, 27.51085368006987, 39.52165966758478, 49.961630927343286, 72.04321342400479, 35.410795289968874, 65.3792934825191, 78.60522205379003, 64.50948532581369, 27.854373365821967, 51.32105189949649, 20.38173847322869, 57.56524924142381, 26.100736060760394, 59.95220485404054, 24.47877273279437, 32.42850862766503, 58.037333167428635, 9.39222122573128, 72.40631119578242, 62.761332184721795, 55.845257616518886, 75.68345173105125, 39.574283318490004], [30.172566063378557, 33.118972625980476, 30.71971176733865, 41.7981842601361, 63.03674387776712, 19.375075119310278, 24.310098905218844, 42.60704942896457, 41.96678382213153, 37.7326271118728, 53.45830614967564, 37.11791425869579, 21.802674435682977, 40.25547210358572, 49.36293310780312, 23.42031499357883, 42.48028537335455, 49.05813742223658, 47.05326887616192, 25.9232623247853, 9.243428486323934, 42.994730434208506, 16.94715489507623, 39.43788089125971, 39.40713531057132, 44.41225739309058, 43.83728178951647, 29.524319489856616, 58.10061261031546, 34.98611729863038, 30.726726868697664, 37.31101828601865, 39.039406921356, 37.913695079458805, 18.730467596338936, 38.70878016301151, 33.13072370040833, 58.154179566731486, 54.41227572375077, 23.684219322329984, 36.65287541210791, 41.10162579444174, 18.264463897442514, 27.95386688028817, 0.0, 37.33389275509639, 53.96969629932309, 35.03620129844614, 47.7633912483529, 41.059690574751706, 57.47696568859744, 28.41584520553574, 44.125304670723445, 36.16187422336582, 45.32340246984421, 47.27609674087479, 44.73098535294813, 61.24578691925641, 35.72468294913533, 21.9617125374495, 43.50648906660901, 53.25944235131506, 23.91389195756079, 28.93344787826916, 37.418131014224286, 22.665792880213267, 26.53342352570695, 45.73117584085341, 48.547068694825086, 12.601892809758366, 2.2204566741600984, 15.49378993112947, 56.27406496463803, 48.454039785391714, 40.55692126781229, 50.03312283195517, 51.871169596896394, 40.29237843594589, 30.11596992183784, 47.24857904703155, 7.742276577534772, 41.28226543422532, 34.1674995350811, 31.999947598429927, 34.12973520626781, 31.90598548454798, 36.52643944980637, 23.339826347620974, 59.19603838703678, 37.036271351026336, 49.632431372040514, 55.68978832550277, 11.627588452123245], [15.92746146498038, 70.38029277513306, 65.63039426933145, 49.21796083404357, 82.281214636358, 40.920397307566745, 56.2902069914544, 24.958424018000322, 78.50330118648631, 23.23620485769233, 68.56241575132336, 72.38375969551223, 39.528685327409136, 75.03328561458665, 31.673481203115863, 16.51358430001104, 67.09572053081193, 41.709317867866744, 19.16440945991934, 16.322333792848706, 39.6458203031585, 62.719027805092615, 46.2218884297177, 32.18292131943764, 25.515251360542102, 23.9576321513033, 75.12673640971765, 64.10920025354955, 24.43308673874129, 63.097916835311395, 18.295233063568293, 67.73221304382034, 66.61228851655393, 34.228329932788796, 31.52620984200572, 61.543669345958634, 26.84116622819273, 27.408164995203705, 62.9276093762773, 17.827186615378366, 28.083436879011654, 48.19802922253885, 20.52300381915784, 28.313854637730664, 37.33389275509639, 0.0, 79.50009274460805, 48.37479304039618, 84.7201892422136, 12.55099509208263, 52.74342003465051, 62.24493907799064, 35.57436682088422, 5.119337592966162, 13.41057406629282, 69.65303764322204, 66.18439505002472, 61.62385825606343, 25.220693580158404, 22.577719443487627, 70.92358149945593, 89.20678722095455, 16.526260779409718, 61.15334724913054, 50.234139645499376, 22.03986379317184, 60.25694750649163, 15.551602263723176, 67.50272114908746, 48.754717746862354, 38.653353387836, 52.816861239568134, 21.856673492270424, 85.56233857785595, 62.92889525793232, 86.01142238756212, 73.59755783008742, 77.32612568852825, 8.709262471497158, 76.94821118080255, 31.653637968944363, 40.73648306801511, 53.705086092195344, 62.95709810553737, 52.28543791192453, 11.225454205501581, 73.8294571657924, 35.57221195118018, 94.47246031347808, 57.282895149069326, 80.83248434443398, 92.94501177276112, 46.12134534214222], [64.30963766736777, 44.15165248066143, 31.014356141421082, 37.092147928999175, 15.721208756831718, 71.86215435536465, 66.11826369663702, 94.42560181350903, 37.42316329097221, 62.49210829695425, 102.04140629492123, 63.93103165213477, 40.09520766515963, 67.06752811047991, 101.74843902313692, 72.92805412250121, 86.0037620655862, 102.95696164003822, 95.7461054111578, 76.01147989134422, 61.54473158097628, 90.48447081691495, 65.94887317601406, 93.02200332171074, 61.80066136192223, 95.614896686474, 77.672100528461, 30.66212289876645, 88.40507100913823, 19.01683418697485, 81.88029108743052, 18.509216883972577, 80.33908576720665, 51.74354138444176, 72.6870820480264, 17.977389302234766, 86.32748969856347, 84.61837350821588, 105.93298992377487, 61.79195192751439, 57.07384025544475, 94.20341410341811, 60.81984575325513, 81.5738157495442, 53.96969629932309, 79.50009274460805, 0.0, 87.17912162144528, 59.215919604650644, 74.48639394031196, 111.39557835868364, 29.627364486531672, 97.7915551605159, 75.46833743408573, 91.80311471149555, 91.71174003435948, 14.339936691397837, 114.49525994297036, 88.42657499001126, 56.98055431684219, 83.53600622780428, 69.2245150967934, 63.20626760678738, 26.90349108984033, 32.034185230350054, 57.48093401608784, 30.62556390112451, 93.189820421929, 95.46040872841752, 55.17264018825912, 54.942217389037744, 48.808721760692286, 88.23631010681113, 44.88275600699255, 86.62670913915265, 67.23216630072541, 9.335487069432807, 41.67341012275369, 70.84320192989846, 82.72126062202422, 61.24243883653843, 47.355338302953605, 83.75951663641862, 23.20914606068485, 84.4662213600208, 68.85700254343055, 49.77386074875146, 77.1788824500364, 76.08721110035248, 22.57885074424797, 81.55934657990682, 58.79828144187474, 42.753666586685966], [52.932193775782494, 52.748552585504406, 58.876786915020745, 75.73537299702456, 97.6455969146749, 15.699632439474854, 25.57459401760889, 32.456101922174845, 64.12774567603697, 62.998183700107745, 20.737817730728658, 40.95591891749688, 56.24655480388371, 41.59607149497041, 34.245197978048466, 33.50234996414302, 21.57741632407468, 24.51165306606694, 42.990046310394966, 32.442389271214246, 26.156627213708177, 14.859780186766248, 21.428094572158102, 22.392138805747297, 65.31560737676418, 35.344660320334356, 35.18213289524529, 58.41069872095041, 72.73457665227481, 68.32373132976909, 30.431422379119052, 69.16637392632468, 24.161553254430817, 68.09779350938406, 20.042043007852495, 73.35026623040689, 23.130360105309077, 75.66140447631743, 19.38142052051938, 47.40972488396084, 64.55539228449835, 8.124719913082536, 42.368427509165656, 20.10084909796328, 35.03620129844614, 48.37479304039618, 87.17912162144528, 0.0, 56.87248779037859, 59.02497413060371, 27.471194668409517, 58.49058835770417, 24.03422576173438, 51.05105418705245, 46.17771620547124, 22.27660768299308, 79.40582254885891, 27.663651315201808, 26.237276353671383, 49.17255728796913, 27.18167010169874, 56.099014726489244, 46.46891198419226, 60.494499152696726, 72.0756951858036, 49.54126468808456, 57.070973234368296, 44.6670915280463, 19.189334268419742, 32.34624488848076, 33.39942573923756, 39.19460681846816, 70.06244421164281, 66.54743204362255, 16.548413130611355, 53.54649133600954, 86.28872274873902, 60.344819767836874, 47.05511769833059, 34.51576884615575, 30.08998559849527, 73.00816072388588, 8.146767606503596, 64.08918285579708, 6.161737196709728, 51.393555252526355, 51.85867008965885, 14.30301593577702, 58.634945583326875, 72.0149883849285, 39.617743249187775, 66.49630616857033, 44.83534228259627], [77.41587138752838, 18.39334887380498, 32.153115387190624, 75.26064093879755, 74.67902991954205, 49.26809067683792, 32.44866406585348, 83.0595635113697, 21.813715432534558, 83.46822294459575, 60.14570824645007, 15.939943336501413, 59.395766813934465, 16.066694417107797, 87.74689098670247, 69.29678474278126, 41.8374102513457, 80.9096415633445, 90.7696416524775, 71.00679874079563, 45.66677641056883, 50.04694863107947, 41.36908469735699, 75.501349038537, 84.63326087081613, 85.61688669128543, 26.87626706962979, 33.571516087393775, 105.76366366083239, 48.27096053151394, 73.97552932990168, 43.84799741555852, 36.0023067828762, 79.73400628743062, 57.36384156241003, 57.60172627534103, 72.02225647736238, 105.41872674594671, 69.00657699374112, 71.13673041654168, 80.850165826918, 64.86954199594948, 65.95947327791357, 66.40162308632955, 47.7633912483529, 84.7201892422136, 59.215919604650644, 56.87248779037859, 0.0, 88.670615446997, 84.05184563604593, 36.0774348344757, 78.85545018086191, 83.89519779178828, 90.71730158049976, 46.70074328908154, 61.75754257630412, 81.67293464692699, 75.47546676262064, 68.5506260656306, 36.36036075148656, 10.014649512873403, 71.53339987165981, 39.95103978347311, 68.50125798429838, 69.30346872328398, 36.90708815504644, 90.49722367727628, 52.65511118944572, 35.98484871554778, 46.19263628834661, 32.51045072437139, 104.00675064551233, 16.107701059916817, 45.52344370017485, 8.455643512484581, 64.62195932011188, 17.622193557066865, 77.86122816909605, 31.367327281026807, 53.121451571087114, 80.3178035830459, 49.316971407814655, 42.46153838659049, 51.11331404783209, 79.58147123854691, 12.514082407112685, 57.30535806792473, 16.918748011443583, 60.503525638238216, 27.62534332228008, 9.623857484528077, 42.62513640693087], [11.674251805061793, 72.72968642292066, 65.60111488597998, 40.85767616951064, 75.06789876262647, 49.41928854313614, 63.052494402633705, 37.50406780687992, 79.42013263716613, 13.051159518180922, 79.58728644344134, 77.9118281090601, 36.16448229137807, 80.87652706061895, 44.108294006661495, 25.63595640960293, 76.28172167681986, 54.219968018573724, 30.89572857729755, 26.626184808297058, 45.780863539186925, 72.8157711551595, 53.32270686397312, 44.499069758924556, 14.830550933972871, 36.420080678193635, 82.54609856631316, 63.94842971978568, 17.10393719107463, 59.98245798398779, 30.036620304136378, 65.2666932157239, 75.0351804177839, 24.910677837908878, 40.52558389811953, 56.644792309756184, 38.75150660328115, 17.509712807608192, 74.68754263818805, 17.556841774933474, 18.637201197919037, 59.729980794897045, 22.79932098810896, 39.374201499722226, 41.059690574751706, 12.55099509208263, 74.48639394031196, 59.02497413060371, 88.670615446997, 0.0, 65.26261071304631, 61.75094634216166, 48.05009543303876, 8.221940767744494, 24.626218790432645, 79.40005444315102, 60.48403750261705, 74.01670703239941, 37.472079768665196, 20.83825074563781, 79.48784816987263, 94.29170717835018, 17.15395353128346, 59.91822194400884, 43.328052964036864, 20.09458168458209, 59.82858254779747, 27.068988393364176, 77.8679147802017, 53.477198913845804, 42.84730720009739, 56.16574341568652, 15.569322123035464, 87.2368564608251, 72.50064546902287, 91.06543224744605, 67.55012221965514, 78.98771811801106, 12.332314717198617, 84.94338074062183, 37.31234211878953, 31.226723288768238, 63.51268682839778, 61.025501355530906, 62.290785436726615, 9.187201545566362, 76.98530436097703, 45.38469475478993, 100.08828537366318, 51.907619643013895, 88.36230777931785, 96.16028798153921, 47.31562723919805], [63.95865921204278, 80.01350790715185, 84.97044855410375, 93.49422009217811, 120.12885414642955, 40.312531316263765, 53.03087086700128, 28.09629733106601, 91.33823963733968, 73.80319462281048, 31.715030679855733, 68.11327538768413, 75.96631789366832, 68.42009624102016, 23.232712261988684, 44.591223927902426, 44.94436027119126, 11.049044635662183, 37.69325069777405, 41.910107029607786, 50.103460093963044, 36.16861721360699, 47.72078664639607, 21.45632454640557, 76.25418886649773, 29.880248585415057, 60.46539416004074, 84.29780448330862, 73.81207196153969, 92.38181332302763, 36.47441159315743, 94.13400614351667, 49.44063747140347, 82.21992965165244, 38.89623917674504, 95.93362870236403, 28.36848965953203, 78.52535813377487, 20.550115257875984, 60.51115637369947, 77.1724410758628, 19.3473217087223, 57.26825788550675, 31.240962198186214, 57.47696568859744, 52.74342003465051, 111.39557835868364, 27.471194668409517, 84.05184563604593, 65.26261071304631, 0.0, 84.01374203579265, 17.295482388934335, 57.238859419655704, 43.60925341891946, 42.62238859132759, 101.87360816189863, 10.402797020542843, 28.365462196824502, 64.00070945696567, 51.16910554301067, 82.41500049569737, 59.127312169287755, 85.48544155271277, 91.37239298516928, 64.07052521977965, 82.40127225936477, 41.168272494865, 36.67866860208111, 58.34347734148006, 56.4549488466038, 65.32228896874, 70.94089509797378, 94.00858930946471, 40.09197274978321, 80.09887127398424, 109.17854388568864, 87.68375082886652, 55.95333950441797, 58.49148157705783, 50.559121397686695, 88.17635672887467, 34.734877357227575, 88.8813856544727, 32.95767685431797, 60.628202873962096, 79.31952741861139, 34.22278843563038, 84.0531129746569, 93.6628251141376, 63.837397431099596, 93.65971853402242, 68.6787561914072], [50.11739367609541, 17.91871074550751, 4.335411892114861, 39.55075467503929, 42.85145043165013, 43.76509728118272, 36.49642366466502, 71.00878055111166, 18.76084528618393, 53.12323209349508, 72.47099099893641, 35.97719936025587, 26.805821456738506, 39.38467501863949, 77.76822467660072, 51.00481124834756, 56.4195902577277, 76.60620126345498, 74.84512612393584, 53.78982015152992, 34.021884698639205, 60.89675818726396, 37.066051505413114, 67.51976250320354, 53.63586699628992, 72.7539110807892, 49.074662802516485, 2.6392665000487736, 78.30487205932673, 13.045056328526712, 58.96959852429163, 11.118155363718634, 50.83334777927547, 46.55798208385748, 46.488508388345565, 21.957778460718192, 61.45310892405823, 76.43153954860125, 76.79604899616069, 45.1409210182034, 49.20333627927183, 65.91432575683277, 41.732185402327595, 56.114940752662925, 28.41584520553574, 62.24493907799064, 29.627364486531672, 58.49058835770417, 36.0774348344757, 61.75094634216166, 84.01374203579265, 0.0, 72.09608171217613, 59.58064982869297, 72.3493503207334, 62.117291278926906, 26.889884418331455, 86.09657026390659, 64.12703292753542, 41.055092411554774, 54.19161025375165, 45.33708267215825, 46.1410440189615, 3.912644115235253, 32.685760937513564, 41.772050903353765, 1.9913446593698625, 73.11192460739727, 65.83833801229548, 26.14914951694017, 28.61227066353248, 19.439699572532344, 77.20160215092046, 27.56929753328712, 57.00449879609022, 42.661134327456196, 31.564387114521647, 20.161103319963278, 53.826356389418926, 54.006926833449, 36.15773006408457, 45.81646757386937, 54.45636751098712, 7.134086166766855, 55.29150719617386, 53.69522517118058, 24.10804918126915, 50.086203869878474, 52.41511349171133, 24.452227017942654, 53.51559534404005, 39.811084770170524, 17.003290657583126], [46.77168761189509, 71.29868353812721, 73.72962821556796, 77.11832125827384, 105.30601392273869, 30.44236341947597, 46.434298370559844, 11.674665935715838, 82.18511223590147, 56.54605450064204, 38.70841217134538, 63.27837913370049, 60.5124973526263, 64.46269384547172, 10.401842795112769, 27.842118309097092, 45.46959026758604, 6.289258577285193, 22.41634195388685, 24.99329880076006, 38.386447451505624, 37.8472167916012, 38.59467789987439, 4.810127076662912, 58.99530427043867, 14.09174469564235, 59.0804546915149, 72.80273479455886, 57.50275866277304, 78.94075498669784, 19.317041729269395, 81.43149046473373, 48.15107606867543, 65.22385496922763, 25.60806671611507, 81.45372260330515, 11.861883099498163, 61.88285151769484, 30.03350051443777, 43.630218628360026, 60.0325755635422, 18.467761731916784, 40.84148197946259, 16.22311712540823, 44.125304670723445, 35.57436682088422, 97.7915551605159, 24.03422576173438, 78.85545018086191, 48.05009543303876, 17.295482388934335, 72.09608171217613, 0.0, 39.98039528736623, 27.599641546857885, 45.30447892006971, 87.24193125370759, 26.141777771388448, 11.172199196863946, 47.375274493011304, 51.20257493648832, 79.28689668656978, 42.20172336497411, 72.98527495765657, 75.48841265776603, 47.38117361131205, 70.31627230016889, 25.364783407011075, 40.73862617788116, 47.99149389965251, 43.57091068472521, 54.77518841127326, 54.640848660860115, 86.27703738582093, 40.37006168514944, 76.54705978851996, 94.69895588481666, 79.11640924750746, 38.689025788696206, 58.54963039347414, 36.60002186721509, 71.29391243176286, 32.122179325992875, 76.12070053698376, 30.140124596043602, 43.35421724455191, 71.85788664010339, 22.69398688852255, 82.32098814178147, 78.71952551708087, 63.64218460581761, 88.39278626736271, 55.724446242681914], [11.307625937049616, 68.8371928636743, 63.14894512274984, 44.35263905418154, 77.70877126696729, 42.206221234616734, 56.70181680856217, 29.729433106243842, 76.42118392623368, 18.116867269214726, 71.52907246773346, 72.24356877002995, 35.76570811879866, 75.05021624942778, 36.61890005232485, 17.944563185363236, 68.86345458297488, 46.189833855667864, 24.282608898616367, 18.60879427461471, 39.643000197697106, 65.04285074922728, 46.762250673346244, 36.333067855653766, 20.400331589195588, 28.8933125702912, 75.93129076077153, 61.5732751629715, 22.87665054744322, 59.566818201399336, 21.815068143276367, 64.42358139536385, 67.94033484063297, 29.184612455786887, 33.055652296601174, 57.49098471865125, 30.52968172172062, 24.770293339552012, 66.48034418380249, 14.489146286864806, 23.004245312338114, 51.54854512883761, 18.339039590334735, 31.255051608557416, 36.16187422336582, 5.119337592966162, 75.46833743408573, 51.05105418705245, 83.89519779178828, 8.221940767744494, 57.238859419655704, 59.58064982869297, 39.98039528736623, 0.0, 18.454249805257533, 71.76459087368923, 61.93746916636776, 65.86681292827016, 29.293544687011366, 18.96966178784238, 72.33950781367511, 88.89957069061032, 13.440250982868376, 58.22477055601413, 45.64820904054179, 18.346646102232366, 57.606394784372526, 20.649741948376622, 70.00863158793095, 48.13641110640828, 37.70782764357461, 51.61049788321771, 20.639573861254124, 83.79374496271215, 64.92201197983103, 85.68354784244715, 69.28282958898315, 75.52979949858432, 6.054450592909858, 78.06161636511924, 31.32557814190041, 35.69298353857082, 55.828031626590956, 59.802664327964976, 54.532483366705165, 6.633443341374066, 72.63318841886966, 37.64385081101533, 94.4214497206859, 53.087756055478, 81.70563715739766, 91.82222467826531, 43.98245244577061], [29.235412165295852, 78.16066852126629, 75.35031921549022, 62.57845908868899, 95.33257158528446, 43.16952918481634, 59.994974502960524, 15.925788101195442, 87.28503066613126, 36.47313875286158, 64.72022963777931, 76.99169189713696, 51.70970214442571, 79.21239713489248, 20.760997728371123, 21.940562915750537, 66.90012849478539, 33.02190583407889, 6.424445725372437, 19.794784492408574, 45.08427819188226, 61.035048494810546, 50.033088131154756, 25.707748198797344, 38.67435032659598, 13.757523923856454, 77.33595725074638, 73.95157264100384, 30.20504674463896, 74.69269685522967, 17.24307363131603, 78.91941384229402, 67.64250624864275, 47.62980557035845, 33.956109210874075, 73.94867123708275, 23.048606812976068, 35.094789444345366, 57.25329844313095, 30.114714053791403, 41.45817125310989, 43.765186999767245, 31.304073929908608, 27.018675689789237, 45.32340246984421, 13.41057406629282, 91.80311471149555, 46.17771620547124, 90.71730158049976, 24.626218790432645, 43.60925341891946, 72.3493503207334, 27.599641546857885, 18.454249805257533, 0.0, 68.40419694873125, 78.84387343706557, 53.3707573152616, 20.049464551865857, 34.93318077084691, 71.60520516691321, 93.9364438262674, 28.652871530363047, 71.7460836381946, 63.3527914067902, 34.50137285168616, 70.36366736142936, 2.560616455675075, 65.13213404420824, 55.105122181204955, 46.13197176549307, 60.27471491632904, 27.334297647149047, 93.61915799576941, 62.21073519504878, 90.83421503515665, 86.3292147382208, 85.5359332290023, 21.340667021374124, 78.31059846915049, 38.35107408852812, 54.13856723128204, 52.941392949355205, 73.9231743702766, 51.216647233506386, 24.575001788141574, 80.81378659246937, 36.09919340044145, 98.51634274931212, 69.90592037063722, 82.75252427417206, 99.51700715651076, 55.57870965693314], [71.78759763960322, 50.184936431316025, 60.91645063307775, 88.91085066001516, 104.54960721032144, 30.612268911716015, 25.9257465043107, 54.625370279148534, 61.00213623743443, 81.4111147244455, 13.572482632787839, 32.12412046262002, 68.87778095142085, 30.807393119666813, 55.702876781723276, 53.83412047145935, 5.724806883568407, 44.13863685203399, 65.25271833416375, 53.375760126229686, 38.30669295796394, 7.498891191421528, 30.33170868219821, 44.3918382904474, 83.55428776353129, 57.50830679519394, 20.066460438757826, 61.08981172624628, 94.08298907066985, 74.21592081162709, 52.24201568535952, 73.21946528784285, 11.725446832362193, 84.4084618067959, 38.902816645854585, 81.27212063331388, 45.36199857689939, 96.53480158164929, 23.776371583557577, 65.64209223695316, 81.95119468469578, 26.938462068827832, 60.05997337001708, 41.8565815103209, 47.27609674087479, 69.65303764322204, 91.71174003435948, 22.27660768299308, 46.70074328908154, 79.40005444315102, 42.62238859132759, 62.117291278926906, 45.30447892006971, 71.76459087368923, 68.40419694873125, 0.0, 87.14604623568952, 37.225518644646634, 48.51105010854404, 66.28504699306049, 10.345370022954636, 42.31271265790062, 64.99990528424735, 65.17085585363122, 84.0068082104264, 66.80485977067008, 61.297532149830026, 66.93398305674356, 6.327790289504635, 38.64434096385062, 45.133219026483225, 43.67013710622155, 91.4987896321028, 60.32803495192639, 6.996573605776338, 40.664368724677566, 93.06747216915156, 56.438412556181795, 67.12022526739811, 16.666218127291998, 45.439229957857734, 88.36685844518864, 15.954175176324375, 68.8868104820199, 17.40519234700235, 71.08520466657343, 46.77272164364815, 34.13958274284939, 42.52689073115813, 81.2889759096295, 21.901087975299294, 55.72203361418735, 53.43592426802547], [50.67451340653497, 44.38260523236841, 30.04451940333751, 22.916743939556856, 18.30647056031972, 63.73638690961155, 61.225219846818554, 82.7743589817961, 41.13669378200726, 48.286133105431475, 96.12629969820193, 62.84850597643865, 27.465962691400875, 66.27025751274999, 90.24557834313272, 61.11512024449426, 81.57754651104686, 92.75251390431585, 83.15418125452904, 64.23149497645042, 53.259313955469565, 84.81638238089357, 58.979212133094904, 82.43298590911226, 47.52385221483834, 83.71665662995757, 75.71475569520909, 28.95128744748962, 74.11069587187528, 13.853351836666553, 70.23992872336706, 17.982564967423944, 76.39115886118691, 37.41354951483447, 62.99171732303531, 6.056235454262445, 75.5113047039301, 70.28049705331564, 98.64136908019074, 48.72958042519235, 42.81768628646587, 85.80658196152224, 48.45183683404616, 71.18349783301247, 44.73098535294813, 66.18439505002472, 14.339936691397837, 79.40582254885891, 61.75754257630412, 60.48403750261705, 101.87360816189863, 26.889884418331455, 87.24193125370759, 61.93746916636776, 78.84387343706557, 87.14604623568952, 0.0, 105.97676885072397, 77.27840500496892, 43.91352361937917, 80.09364462444046, 71.45583120321811, 50.20027052682095, 23.11708023932399, 17.69840242539314, 44.34467930151745, 26.948019297403285, 80.38471597068575, 90.10265107990145, 48.86159182820104, 46.12340171048184, 43.48696740916026, 73.99141779827767, 49.79171473776251, 81.37741504724599, 68.98743490197911, 7.55939130868075, 44.426760377507435, 57.63150129075168, 80.5569327918748, 51.316842605334585, 33.059453363971, 77.1434608621612, 19.812302832630518, 77.55130944111929, 55.30429607880565, 50.52471841296368, 67.99865542263909, 78.5290715683873, 8.941584767859618, 80.32371361997522, 63.52965342577329, 34.70130492862953], [71.64786228570507, 79.93949169798844, 86.54022392795962, 99.55952154379096, 124.28233448829528, 42.63311046474735, 52.507076359002724, 37.576470067205804, 91.34597426901853, 81.69253378029535, 24.661098009996003, 65.91061769824717, 81.14551316375115, 65.68303367990738, 33.37975149029247, 51.74292793123607, 40.649245957240616, 20.35217146724261, 47.65324413517831, 49.34720337325264, 52.99995062049741, 31.923017737451588, 49.067121256394195, 29.53888086325874, 84.14131676225443, 39.61742321690353, 56.49630794967321, 86.06398178259924, 83.49707821030796, 95.53683124886386, 44.42571171461528, 96.67026231825392, 45.92926878096551, 89.33964719841477, 43.46486185895255, 99.95156067342614, 35.84741564064047, 87.99852472148132, 13.487948146753418, 67.60053993203783, 84.64817045167727, 20.29229734049169, 63.779401794108814, 37.48083209598087, 61.24578691925641, 61.62385825606343, 114.49525994297036, 27.663651315201808, 81.67293464692699, 74.01670703239941, 10.402797020542843, 86.09657026390659, 26.141777771388448, 65.86681292827016, 53.3707573152616, 37.225518644646634, 105.97676885072397, 0.0, 36.588672420115, 70.67034448797331, 46.792943556435894, 78.84556786236155, 66.30641451998889, 87.98558134259304, 96.84947518304182, 70.82857011248856, 84.63669250448699, 50.99421001070699, 30.935821066613226, 59.97658360498881, 59.91162691405465, 66.85139653694785, 80.62801430108817, 93.03616241983525, 36.31717045950818, 76.82408135827656, 113.07890760657033, 87.36286479235602, 63.98163720487582, 53.77599315125662, 55.02034751596588, 95.04570391671102, 33.276261083290436, 91.5338392990212, 31.85795779386618, 68.67805219983705, 78.44814850360677, 38.08474624471191, 79.65802479185282, 98.13878616083588, 59.0772287688745, 91.15267313405793, 71.84605655892149], [35.612721663836915, 65.64346643568973, 66.21783188609633, 66.17664414317234, 95.15726623871804, 26.24532784573757, 43.348362973160654, 7.589045025904672, 76.00173929277696, 45.439947746409565, 44.79217024494442, 60.611585943433326, 50.17630492189326, 62.35762640678703, 13.641495230722924, 16.869519557680494, 47.346090355738866, 17.448454575406995, 16.895544385846367, 13.919310284006968, 31.71404333243426, 41.08979459953264, 34.130182355866545, 7.05210988563248, 47.89139473728014, 10.190859286706774, 58.930062585813495, 65.12473916885475, 48.401417062139984, 69.81864301332308, 8.144844965285216, 72.79067823371795, 48.66982393296715, 54.06032950397991, 18.675991932204937, 71.61900389628687, 3.5219559153593383, 52.259613899306125, 38.021672750257544, 32.51270130116875, 48.86348774978205, 23.879354921108238, 29.990771796404584, 9.082691251535774, 35.72468294913533, 25.220693580158404, 88.42657499001126, 26.237276353671383, 75.47546676262064, 37.472079768665196, 28.365462196824502, 64.12703292753542, 11.172199196863946, 29.293544687011366, 20.049464551865857, 48.51105010854404, 77.27840500496892, 36.588672420115, 0.0, 36.3717042061236, 52.386067155125765, 77.29531809930215, 31.06907740820246, 64.58742324725094, 64.8119210914043, 36.34414484802317, 62.25573775840671, 18.436469345338875, 45.09098102746968, 41.90164743976793, 35.59162759622032, 48.246881282849564, 45.5920027325645, 81.00748069825502, 42.51454936108553, 74.34071924241134, 84.79605491339, 73.39751597822384, 27.597374725796104, 59.36443468365489, 27.98683868793202, 60.15445273786185, 33.35616292416394, 67.49880457191168, 31.542228725187236, 32.28065472284479, 67.07837471935109, 18.293553302824243, 81.18370341306742, 68.60243736808943, 64.07733612021224, 84.76563515277843, 47.30194705231455], [9.169331988535005, 52.088811653867815, 44.825268081372286, 29.82292033879768, 60.68120406468716, 35.78822815710677, 45.83772524103737, 40.405191175669714, 58.58226311212333, 15.820520609992858, 69.64404791935326, 58.99102155969212, 16.951523337806627, 62.181695933531635, 47.98211578896136, 19.534130462704923, 62.17961152514096, 53.51479971928576, 39.36281952936185, 22.457229019356774, 28.9061624893256, 60.74012312977566, 37.1045346885368, 42.75281618936298, 17.644866321482226, 40.84013572336033, 65.52536676207781, 43.19022134189907, 37.769562119858016, 40.61945582666482, 28.430720516021964, 45.458113294325194, 59.66756621886632, 18.98266852227921, 29.136683759004622, 39.06127685199393, 35.6881677022306, 36.895570671169324, 67.56298365966454, 4.821583080810822, 15.671759925315003, 52.59424226176555, 6.9398040307076165, 33.19083501946581, 21.9617125374495, 22.577719443487627, 56.98055431684219, 49.17255728796913, 68.5506260656306, 20.83825074563781, 64.00070945696567, 41.055092411554774, 47.375274493011304, 18.96966178784238, 34.93318077084691, 66.28504699306049, 43.91352361937917, 70.67034448797331, 36.3717042061236, 0.0, 64.1968247943535, 74.81098484867498, 6.289587198456147, 39.447170410917586, 29.0760246283596, 0.7575479496806363, 39.11032539976104, 36.487098663765806, 66.20925022914756, 34.536152565811825, 24.043581344476532, 36.133015153372526, 36.399359006562975, 66.43025126158851, 59.30464238384656, 71.59444441362672, 51.410614079956744, 58.191638749333464, 13.881422459824181, 68.63735748633506, 20.93085388023882, 24.387144761078904, 51.29473254585731, 40.8827101040002, 50.595275107964916, 12.710374003760188, 56.58946187021355, 34.927338470306694, 80.9503978763787, 34.97402540421219, 71.3535261574738, 75.68380705898187, 26.57140861682384], [70.73441381253954, 40.86851603842846, 52.5363059849347, 84.11673109548276, 96.98900099326389, 30.133376955738797, 19.757614397965252, 59.19508441560754, 51.3537113189966, 79.82306011736007, 23.869472811643515, 22.063500671847866, 64.28092481882216, 20.52421846900056, 61.42270154544352, 54.536798625236614, 6.22988287194961, 51.095793970998486, 69.27432033138274, 54.671001547203744, 35.32518895719243, 15.047425579668543, 27.098215114440897, 49.43667644694594, 81.8007090632683, 62.070664204369436, 9.80755281060122, 52.89663569054267, 95.11005427904472, 66.74605339292995, 54.682380499342244, 65.17208923900097, 4.530107236281865, 81.38382599448965, 39.407580014086925, 74.3858825460063, 48.98819004083648, 96.92783633747636, 33.53124733013925, 64.30834356269283, 79.6527831801296, 33.67437788590782, 58.55604430844907, 44.58709510094837, 43.50648906660901, 70.92358149945593, 83.53600622780428, 27.18167010169874, 36.36036075148656, 79.48784816987263, 51.16910554301067, 54.19161025375165, 51.20257493648832, 72.33950781367511, 71.60520516691321, 10.345370022954636, 80.09364462444046, 46.792943556435894, 52.386067155125765, 64.1968247943535, 0.0, 32.17689779420336, 63.89521190432879, 57.5039225735162, 78.71709121905097, 64.79545293091603, 53.5903887400464, 70.44484225838586, 16.446723573854037, 33.01480165531878, 41.288514105716224, 36.87082101958396, 92.67927316464896, 50.205402258422396, 11.177858266749242, 30.400601607390282, 85.59317568049859, 46.71010828097652, 67.17062223017928, 7.42844622996623, 43.36734753987613, 84.71931475681164, 19.23195252820766, 61.167908092377495, 21.172986199637833, 70.71468759129428, 37.00036653537021, 35.74955523221661, 32.966525408580544, 74.92202951170393, 12.722819086414436, 45.38598875538007, 47.67230399686807], [83.38325168706805, 27.424832250593845, 41.60052279151544, 83.98999568856998, 84.6652461025643, 51.195208815076626, 34.066835657934654, 84.78827385000373, 31.82833894832387, 90.1682260912942, 55.873820169594886, 16.95182101021819, 67.2073416602896, 14.944104058212973, 88.75910260910405, 73.20571488683922, 38.21819869815219, 80.5814040664505, 93.32105399153531, 74.56570004733075, 49.5807625622714, 46.927162996984805, 43.90727196620495, 76.40431752711167, 91.51078058738425, 87.48357403416131, 22.38440416111054, 42.92054116722685, 111.27406980183602, 57.83768376561161, 76.83283261265274, 53.62770063142432, 33.05048028417477, 87.36942384401313, 60.038506371276156, 67.11067128646503, 73.78097333674326, 111.40197165603745, 65.68588186781024, 76.93521712795656, 87.98246980364934, 63.750137692599964, 71.49569157638643, 68.36156745802751, 53.25944235131506, 89.20678722095455, 69.2245150967934, 56.099014726489244, 10.014649512873403, 94.29170717835018, 82.41500049569737, 45.33708267215825, 79.28689668656978, 88.89957069061032, 93.9364438262674, 42.31271265790062, 71.45583120321811, 78.84556786236155, 77.29531809930215, 74.81098484867498, 32.17689779420336, 0.0, 77.16500972034744, 49.244384713042244, 77.33579343341111, 75.55023575741953, 45.98448130096274, 93.45412128674232, 48.56600399605261, 40.83535607952229, 51.44500860526998, 38.80298814985954, 109.34492695476817, 25.701478324460545, 42.60620226774831, 3.226487549663627, 74.52479056051874, 27.592883409439985, 82.94972278533663, 25.852858156796483, 57.63112726164862, 88.42910495399894, 48.10358109327457, 51.95620391004055, 50.033139915278554, 85.1161344102073, 21.251495474653797, 59.01102879399986, 7.085730220990476, 69.77987446164589, 21.132779497998694, 14.969415461445973, 49.84771783488819], [6.841582404359444, 55.84079245987291, 49.71717610047769, 35.53856915833977, 66.93614857398403, 34.413764514457874, 46.501581317428624, 34.56825582278475, 63.08668124005613, 16.5626050421719, 67.16922329780985, 60.871970819888055, 23.12581856768984, 63.89608070465896, 42.12374884221468, 14.58566383266056, 61.30177569501858, 48.42734080599362, 33.09504558473666, 17.230133841266184, 29.20712168665094, 58.99027145387686, 37.10131693072682, 37.711716080987465, 18.850537698614765, 34.84144897169329, 66.15726338737058, 48.13644600962687, 34.23140341518072, 46.57371749770333, 22.976188688792625, 51.22852459769916, 59.38049084588996, 23.100837101412026, 26.601549725606667, 45.31210697868284, 30.76742267636913, 34.315040636373816, 64.17203734765924, 1.5367834475250242, 18.440830933384223, 49.05506655365814, 5.690498508859967, 28.982484155033863, 23.91389195756079, 16.526260779409718, 63.20626760678738, 46.46891198419226, 71.53339987165981, 17.15395353128346, 59.127312169287755, 46.1410440189615, 42.20172336497411, 13.440250982868376, 28.652871530363047, 64.99990528424735, 50.20027052682095, 66.30641451998889, 31.06907740820246, 6.289587198456147, 63.89521190432879, 77.16500972034744, 0.0, 44.82845580593374, 35.218695093608716, 5.917812814082054, 44.166296880270956, 30.197743875697714, 64.33657222969447, 36.383937834747194, 25.736470754242468, 39.04047645541754, 32.51228990940181, 70.60660572273885, 58.00674772944574, 73.93852217488516, 57.69981443847458, 62.340124621856745, 7.836449219062577, 68.87958216822328, 20.762458280558555, 29.092369086743624, 49.51550306246669, 46.50435900193628, 48.59830960255042, 8.062652897071445, 59.928483024521384, 32.1850945326371, 83.02364760223753, 41.2599514742475, 71.99618989204792, 79.12153960437858, 30.689708433963915], [48.37006554858872, 21.82954377525001, 7.925936723755696, 35.894953382199034, 39.48918795567787, 45.43731641366903, 39.37889564268282, 71.27364250845031, 21.97402303757811, 50.73240061170114, 75.17873404420301, 39.73473887861816, 24.323575560965228, 43.16688650998651, 78.20309214565869, 50.77176291472462, 59.49997609913461, 77.71122673050894, 74.55189500300078, 53.653663594173466, 35.38198842824693, 63.64332408645416, 39.1499329818158, 68.3351660789351, 51.10433646047125, 72.8912712022814, 52.67467884531402, 6.38856783846873, 76.23907564170936, 9.338721827406694, 59.04120932095516, 8.686093577488586, 54.026252560753505, 43.59779264680305, 47.42177338830739, 18.070540391511344, 62.05942152866112, 74.11400606000528, 79.08460351782529, 43.73650602545605, 46.57524140368358, 67.72858415290645, 40.746433018604534, 56.86591399048214, 28.93344787826916, 61.15334724913054, 26.90349108984033, 60.494499152696726, 39.95103978347311, 59.91822194400884, 85.48544155271277, 3.912644115235253, 72.98527495765657, 58.22477055601413, 71.7460836381946, 65.17085585363122, 23.11708023932399, 87.98558134259304, 64.58742324725094, 39.447170410917586, 57.5039225735162, 49.244384713042244, 44.82845580593374, 0.0, 29.002984161677926, 40.139926660168406, 3.915237704607767, 72.63825731386655, 68.68834124659737, 28.308588672353522, 29.423119223106514, 21.913330158756036, 75.25284204973056, 30.90503260901879, 59.861952429570756, 46.57345294795583, 28.097508988330944, 23.773285651334305, 52.60718803764117, 57.56655526038099, 36.62878822261681, 42.518389903990524, 56.86367743877517, 3.725762069733319, 57.59708443741152, 52.1527213375667, 28.019647966765344, 51.36030302634197, 56.32361709462083, 20.557984132708174, 57.214528227312414, 43.464293985191404, 17.307520773169674], [34.35924259837276, 50.118597677030635, 36.91322211565525, 6.913044164387521, 32.06137492880478, 56.62481216416536, 58.979969532998005, 69.37352149221223, 50.756671069956575, 30.799300858682177, 90.87368404097172, 65.38771412756562, 15.837445783635062, 68.93226198366804, 76.95037256604269, 48.01446031247407, 78.84027436547134, 81.41126789793975, 68.21865812342489, 51.079168696695724, 46.656344192559004, 80.26865995831426, 53.93721589882629, 70.72974783104443, 29.903981499177835, 69.9007764639932, 76.43671215915245, 35.303546875878894, 56.447081388010716, 23.100479970844894, 57.145051117206194, 29.109160320313382, 74.52010409234497, 19.71733655271623, 53.43402683401191, 15.620660524877923, 63.63085028184581, 52.584341913263856, 91.41250540310563, 33.6853367241448, 25.24805173224829, 77.34190376878722, 34.87033311067932, 60.133368804793456, 37.418131014224286, 50.234139645499376, 32.034185230350054, 72.0756951858036, 68.50125798429838, 43.328052964036864, 91.37239298516928, 32.685760937513564, 75.48841265776603, 45.64820904054179, 63.3527914067902, 84.0068082104264, 17.69840242539314, 96.84947518304182, 64.8119210914043, 29.0760246283596, 78.71709121905097, 77.33579343341111, 35.218695093608716, 29.002984161677926, 0.0, 29.328528320301206, 31.638982372018475, 65.13236537772615, 85.79414427356551, 45.73200985483813, 39.36510996759356, 42.46882570972254, 56.39445106024728, 59.74127897026364, 77.53730604365319, 74.45845742591388, 24.33317443319741, 52.77610221745139, 42.02424628169331, 80.79759547784565, 42.14244900869196, 15.661287886387123, 71.57759954688413, 27.505833184394486, 71.5407743728382, 39.072141495018904, 56.17590291419397, 59.01756944443964, 84.33567724180857, 10.565287134097606, 81.73118838658003, 72.46480849959285, 31.07440505588185], [8.422681527994055, 52.84612078041192, 45.55340233753248, 29.90326949655692, 61.01855840588856, 36.27946866810217, 46.49346934477393, 40.25061091295317, 59.32559742855768, 15.155618808695479, 70.04825330174135, 59.71220847850144, 17.498109603782083, 62.89674979218477, 47.823669419676186, 19.542860267927544, 62.7326539376093, 53.54052075431609, 39.01210118093794, 22.424834705465727, 29.522968701610345, 61.21489448797292, 37.70965776809703, 42.78175398982695, 17.01898496575682, 40.63364892744805, 66.18634293524606, 43.91560712618671, 37.016015475208334, 41.22397400413367, 28.362753391034875, 46.098240844149394, 60.26566570927574, 18.69360966428552, 29.499766743287754, 39.545443510945944, 35.73338738453085, 36.13961931714929, 67.8583815125963, 4.40537625243124, 15.181570829701071, 52.86344265617354, 7.212610513480507, 33.348622548709315, 22.665792880213267, 22.03986379317184, 57.48093401608784, 49.54126468808456, 69.30346872328398, 20.09458168458209, 64.07052521977965, 41.772050903353765, 47.38117361131205, 18.346646102232366, 34.50137285168616, 66.80485977067008, 44.34467930151745, 70.82857011248856, 36.34414484802317, 0.7575479496806363, 64.79545293091603, 75.55023575741953, 5.917812814082054, 40.139926660168406, 29.328528320301206, 0.0, 39.82986856344435, 36.091421583526184, 66.67433404236195, 35.247684308889205, 24.737854556030417, 36.88091079429196, 35.652943020905724, 67.18195054036744, 59.8205494272015, 72.33312968451473, 51.828389504516345, 58.94432648075212, 13.362575713028061, 69.2749241161226, 21.494301506360628, 24.217341222867805, 51.761695607029985, 41.546914937421626, 51.04030546381872, 12.033501859357585, 57.34595796939951, 35.27729441764853, 81.681387997435, 35.40933856054543, 72.01647743049348, 76.44116675243171, 27.327573098809996], [48.18655277898037, 18.58551363064845, 5.946112544213061, 38.45768195836189, 43.400455305592196, 42.20647311843992, 35.54506376864283, 69.10662158014514, 20.381311451024512, 51.32067582727038, 71.41638129675498, 35.95000774727015, 25.065429588803, 39.4043440689981, 75.89539542270029, 49.03927820102839, 55.61977454030176, 74.88245556182852, 72.87825579847468, 51.833663556610944, 32.349312227032854, 59.86395714605403, 35.66852881137284, 65.72151460374023, 51.87377719074657, 70.8335761764357, 48.79337308348223, 4.219176622956537, 76.41822845022108, 13.231833695362694, 57.037831707116965, 12.194149265799018, 50.1247067509383, 44.96425920860076, 44.7093564089184, 21.744400866839065, 59.60852353694638, 74.60043523971929, 75.51223859697686, 43.17357563436899, 47.47575533931917, 64.4198971531608, 39.74289960187017, 54.29855209138699, 26.53342352570695, 60.25694750649163, 30.62556390112451, 57.070973234368296, 36.90708815504644, 59.82858254779747, 82.40127225936477, 1.9913446593698625, 70.31627230016889, 57.606394784372526, 70.36366736142936, 61.297532149830026, 26.948019297403285, 84.63669250448699, 62.25573775840671, 39.11032539976104, 53.5903887400464, 45.98448130096274, 44.166296880270956, 3.915237704607767, 31.638982372018475, 39.82986856344435, 0.0, 71.13250442335206, 64.87367969844863, 24.772247400074043, 26.787891168526464, 18.210659935674922, 75.29412311143872, 29.084969081161837, 56.04306630746057, 43.23383788366973, 32.01274462875726, 21.47810807092849, 51.84446399466629, 53.67260162110301, 34.27524601593716, 44.408714145844385, 53.22653833312044, 7.596251860157267, 54.00998061994763, 51.73840491899385, 24.734164887690966, 48.4007365561194, 53.04458997233252, 23.852693634275994, 53.37785399845249, 41.030435343637, 15.065890875217315], [31.202661938862498, 78.35505219089931, 76.00749993345781, 64.5456666191777, 97.04867614296667, 42.46662089504136, 59.433866436673966, 13.705955559198827, 87.68547402112027, 38.73656019111886, 62.86579598723505, 76.53135745864843, 53.12706622488015, 78.66182910488517, 18.23667744202067, 22.31714959826264, 65.60850530769231, 30.659898549301822, 3.8751087014892835, 19.912725234655433, 44.97092834838045, 59.52348143525292, 49.55894659503801, 23.72503928611061, 40.969367472844695, 11.387311772056059, 76.42485285347726, 74.64321387111137, 32.67223459348246, 75.86494624547657, 16.621539735274006, 79.9613961544828, 66.55751563482877, 49.764436434424454, 33.415627350656166, 75.39512460452444, 21.60367250368136, 37.62403071090487, 55.168918396563434, 31.68819156669054, 43.634684409873174, 41.91785248426016, 32.48675861327305, 25.933030925798807, 45.73117584085341, 15.551602263723176, 93.189820421929, 44.6670915280463, 90.49722367727628, 27.068988393364176, 41.168272494865, 73.11192460739727, 25.364783407011075, 20.649741948376622, 2.560616455675075, 66.93398305674356, 80.38471597068575, 50.99421001070699, 18.436469345338875, 36.487098663765806, 70.44484225838586, 93.45412128674232, 30.197743875697714, 72.63825731386655, 65.13236537772615, 36.091421583526184, 71.13250442335206, 0.0, 63.49641611547967, 55.09536079888785, 46.4242723257438, 60.467837925732205, 29.803522923165502, 93.8381638997167, 60.85153842899908, 90.37727499133781, 87.89362586698007, 85.80748657440688, 23.120956413198872, 77.24619272027795, 38.56736311698239, 56.270268247315705, 51.62307718281512, 74.9124247150453, 49.85800981788353, 26.591628110235515, 80.82683216661275, 35.17066732138126, 97.89156350840162, 71.44313782857273, 81.77360438565115, 99.39861018192936, 56.245687083712255], [71.01600256162308, 55.01272790975119, 64.96880750475387, 90.34451966099424, 107.80075389008832, 30.486429022825202, 29.34234161809677, 50.70614042913109, 66.05216687232422, 80.87984465628807, 7.504682580223956, 37.70811533605738, 70.34067663460814, 36.65513621994245, 51.11810229230541, 52.2376451224715, 10.881905404531906, 38.98753501539546, 61.53741340942708, 51.427544124832814, 39.34956439602837, 5.562018403117031, 31.86808733756418, 40.343367670659035, 83.10808478042213, 53.56009897219691, 26.244402975933216, 65.00713627983548, 91.89409463599738, 77.53459856291754, 49.62074415457969, 76.9542270861476, 16.960754564766923, 84.74474990679467, 37.79857190030764, 84.14465767600883, 42.15192818398422, 94.70682401075037, 17.4671590271297, 65.11085467801355, 81.8535919313405, 22.278407081121742, 59.70794772099174, 39.27963365257435, 48.547068694825086, 67.50272114908746, 95.46040872841752, 19.189334268419742, 52.65511118944572, 77.8679147802017, 36.67866860208111, 65.83833801229548, 40.73862617788116, 70.00863158793095, 65.13213404420824, 6.327790289504635, 90.10265107990145, 30.935821066613226, 45.09098102746968, 66.20925022914756, 16.446723573854037, 48.56600399605261, 64.33657222969447, 68.68834124659737, 85.79414427356551, 66.67433404236195, 64.87367969844863, 63.49641611547967, 0.0, 41.257420391730335, 46.499582632972995, 46.87783225397805, 89.2344595599607, 65.86694702457982, 8.833850606224205, 46.84582528033598, 96.29639757405272, 61.57892083929398, 65.72938665849158, 22.990000477775197, 45.7183052486403, 89.06856884151803, 14.91490863663416, 72.41407475367092, 15.742245712014013, 69.90582502812357, 51.999092169465044, 32.53092120029219, 48.85466365941916, 83.80825394578738, 28.228295967217484, 61.79248244995342, 55.82894436624409], [42.74885415682179, 23.747040166156843, 26.668441534481772, 51.11359035923672, 66.69866613513447, 18.091692278087827, 13.258422362263035, 49.37136514006638, 34.25753572931896, 50.25921154880062, 47.311180221366655, 24.524912408096082, 31.385031679571092, 27.654929696541803, 55.19823773638095, 33.41349298361073, 33.27698172303588, 51.789781511066266, 55.7698196412506, 35.31147091876612, 10.275591105470017, 35.9550888729282, 10.91843225678995, 43.76959984881265, 51.86667967434973, 51.632725120255586, 31.899201725759575, 26.10536348813742, 70.43927961340849, 36.63604204826625, 38.90202855006659, 36.93057195437447, 28.788163392844435, 49.60111332692906, 23.230290483923273, 42.88999880847654, 38.71876812090665, 70.68387191895603, 50.77606591982524, 36.23177180800509, 48.90001952011553, 39.86356631715624, 30.699772849133733, 33.02565838745195, 12.601892809758366, 48.754717746862354, 55.17264018825912, 32.34624488848076, 35.98484871554778, 53.477198913845804, 58.34347734148006, 26.14914951694017, 47.99149389965251, 48.13641110640828, 55.105122181204955, 38.64434096385062, 48.86159182820104, 59.97658360498881, 41.90164743976793, 34.536152565811825, 33.01480165531878, 40.83535607952229, 36.383937834747194, 28.308588672353522, 45.73200985483813, 35.247684308889205, 24.772247400074043, 55.09536079888785, 41.257420391730335, 0.0, 10.652330320821651, 6.979058870202875, 68.51699253968661, 39.16525819403372, 32.58492668851007, 37.61105648826896, 55.201989076752064, 31.497023827900026, 42.15223502287952, 35.7288866029426, 17.137067163208116, 52.2693500329358, 28.61642027680221, 31.971072609053312, 29.294274800677687, 44.2948016259191, 25.73166844736011, 25.319227695905937, 46.642994012275416, 42.66206042433151, 37.59688231597832, 44.47529557689294, 14.81596225417068], [32.10688101783736, 32.07033609931435, 30.634200804361853, 43.86774475934546, 64.41442736554227, 17.7007885142267, 22.1013246267952, 42.644856043968794, 41.30445984053825, 39.84054218976321, 51.52047379047059, 35.16954004541074, 23.8447745548948, 38.26123465797645, 49.226543872864866, 24.191626988920756, 40.301580185390605, 48.319222584863596, 47.578456464801484, 26.528733362709847, 7.343392064693584, 40.954669021974716, 14.802450435791723, 38.94601544904761, 41.544245724517, 44.56257929534295, 41.65412083966705, 29.534553445286328, 59.84223435445873, 35.9271263623124, 31.034600313947507, 37.931861057562585, 36.823820396903685, 40.133950522699266, 18.000457792306758, 40.07994154857663, 32.84957696438047, 60.03172024408801, 52.74804771527099, 25.581547387309076, 38.83959069406167, 39.693625276963296, 20.0565627280882, 27.51085368006987, 2.2204566741600984, 38.653353387836, 54.942217389037744, 33.39942573923756, 46.19263628834661, 42.84730720009739, 56.4549488466038, 28.61227066353248, 43.57091068472521, 37.70782764357461, 46.13197176549307, 45.133219026483225, 46.12340171048184, 59.91162691405465, 35.59162759622032, 24.043581344476532, 41.288514105716224, 51.44500860526998, 25.736470754242468, 29.423119223106514, 39.36510996759356, 24.737854556030417, 26.787891168526464, 46.4242723257438, 46.499582632972995, 10.652330320821651, 0.0, 14.246464475929114, 57.96239900455096, 47.49721967077674, 38.44363536392975, 48.21888598890922, 53.16916111973102, 39.404978642353626, 31.683637228407033, 45.03875835606278, 7.92306833978112, 43.485738567642954, 32.22046322353676, 32.63009628741799, 32.2500842776736, 33.67135541157314, 35.18985776659429, 22.236894673796783, 57.295081276041856, 38.61580668083402, 47.45577629597615, 54.292001715968716, 12.259540477442462], [44.91984741838984, 17.889702085071228, 19.716814661580706, 48.38443586581261, 60.95070145764122, 25.06192750298587, 17.74439658724959, 55.61921345014743, 27.757650998103756, 51.36829143282818, 53.2771561884156, 23.903367287588697, 29.530394303500607, 27.36418732580838, 61.68736546284911, 38.356216425243765, 38.09058107009598, 58.69685854316925, 61.42109643384674, 40.557947723179424, 16.568645942474454, 41.76319364592777, 17.795073324705513, 50.47192577505864, 52.713593064035166, 57.76838669578336, 33.969778726345965, 19.217115980624758, 73.2636063208463, 30.657552381085612, 44.65527197056568, 30.403579611739, 32.99014272292859, 49.07043939985917, 29.671199198699554, 37.654654429923085, 45.16746799076154, 72.94237142647398, 57.35660610624503, 38.62663452180722, 49.26264452651202, 46.79419922440785, 33.50269505031129, 39.52165966758478, 15.49378993112947, 52.816861239568134, 48.808721760692286, 39.19460681846816, 32.51045072437139, 56.16574341568652, 65.32228896874, 19.439699572532344, 54.77518841127326, 51.61049788321771, 60.27471491632904, 43.67013710622155, 43.48696740916026, 66.85139653694785, 48.246881282849564, 36.133015153372526, 36.87082101958396, 38.80298814985954, 39.04047645541754, 21.913330158756036, 42.46882570972254, 36.88091079429196, 18.210659935674922, 60.467837925732205, 46.87783225397805, 6.979058870202875, 14.246464475929114, 0.0, 71.53939323069685, 33.37090584845689, 38.075174932085666, 35.60737018453686, 49.451470085295256, 25.400899973707173, 45.55757760885586, 38.36213519718324, 21.924109756279247, 50.90185335458385, 35.026885896912354, 25.627854941696373, 35.85251164633096, 47.0968798362585, 21.035055694076313, 32.15983075869793, 45.177665014826076, 38.05255989313956, 39.32446591254532, 40.21269583623614, 11.784377060500498], [27.23034162549321, 88.26438002275923, 81.0985794584477, 52.723832417840974, 87.14761774943513, 62.59044556622447, 77.3412340076872, 43.05878510963944, 94.97437801302465, 25.767313396907877, 89.9727546469001, 92.78067942616391, 51.22057041231237, 95.63322294487897, 48.00719914504382, 38.145681878004886, 88.94004654946434, 60.27980268845518, 33.43651292288925, 38.17513070136331, 60.260548155880294, 84.52457047654907, 67.39074749814614, 52.12356759235433, 26.490948188814222, 41.068711262398395, 96.53092294573277, 79.43507709168068, 2.8713114144832392, 74.79442144193484, 39.6891261196616, 80.25545737882614, 88.32954471027327, 36.83155493518614, 53.275625557167906, 70.6955350481542, 47.80878239890876, 8.57463125723156, 83.60419920344447, 33.04298032323279, 31.173774178047722, 69.29514487219652, 38.047556639534, 49.961630927343286, 56.27406496463803, 21.856673492270424, 88.23631010681113, 70.06244421164281, 104.00675064551233, 15.569322123035464, 70.94089509797378, 77.20160215092046, 54.640848660860115, 20.639573861254124, 27.334297647149047, 91.4987896321028, 73.99141779827767, 80.62801430108817, 45.5920027325645, 36.399359006562975, 92.67927316464896, 109.34492695476817, 32.51228990940181, 75.25284204973056, 56.39445106024728, 35.652943020905724, 75.29412311143872, 29.803522923165502, 89.2344595599607, 68.51699253968661, 57.96239900455096, 71.53939323069685, 0.0, 102.80600308680262, 84.7851676392787, 106.12266704209907, 80.704611628034, 94.55615513022191, 26.436996327919665, 98.5626427630918, 51.898220904741954, 42.34426683152217, 75.5552498095229, 76.19613075466403, 74.11864639361302, 24.449741727461213, 92.43912447296744, 57.42877774960046, 114.96966592175947, 65.7746320894717, 102.29074314113056, 111.6293703854643, 62.88028930702912], [75.59387447482372, 15.494562959664046, 23.23542096202117, 66.65402138332573, 60.582067684807335, 55.83880653428953, 40.97771962410875, 88.51234406695966, 8.98715354960193, 79.88893032645188, 73.34367088427864, 28.204688486666004, 53.98499852484233, 29.83295970472454, 94.13902138238454, 71.68328064330743, 55.00833258056986, 89.29510373816467, 94.76012952108513, 73.92702627040592, 49.435215930663176, 62.46512789770553, 47.68238840087024, 82.36194382420136, 80.62337974209233, 90.79649826971023, 41.41269600057577, 24.954497759365942, 104.1933019368651, 37.40968335500183, 77.94664205707886, 32.00708209351892, 48.906199280552855, 74.04273363783665, 62.3365545499508, 46.65252036389721, 77.75740185936915, 102.90114371419595, 81.11907239685615, 69.88526705681852, 76.35153020281695, 74.67070176356515, 65.45519583216632, 72.04321342400479, 48.454039785391714, 85.56233857785595, 44.88275600699255, 66.54743204362255, 16.107701059916817, 87.2368564608251, 94.00858930946471, 27.56929753328712, 86.27703738582093, 83.79374496271215, 93.61915799576941, 60.32803495192639, 49.79171473776251, 93.03616241983525, 81.00748069825502, 66.43025126158851, 50.205402258422396, 25.701478324460545, 70.60660572273885, 30.90503260901879, 59.74127897026364, 67.18195054036744, 29.084969081161837, 93.8381638997167, 65.86694702457982, 39.16525819403372, 47.49721967077674, 33.37090584845689, 102.80600308680262, 0.0, 57.926408415042246, 24.552818423586967, 51.37894833549047, 8.26683234488702, 77.78101539494124, 46.26846934273684, 55.281960405928, 73.37109184054621, 59.82746207591437, 32.284359046840905, 61.390932262657444, 78.57291471705614, 14.689142159572953, 63.7264345842753, 32.031358465400345, 50.42908998703682, 43.1195399255796, 13.955080645132808, 39.948691339729585], [64.79788182469184, 46.477826235216796, 56.157514784244356, 82.29432540815182, 99.01653514497926, 23.615696616748565, 20.508531261381886, 48.967566078749435, 57.63373383886994, 74.41454658373857, 15.804728076770038, 30.027604563932414, 62.25813480501561, 29.468300400728424, 50.68552793173725, 46.97952414026162, 5.117910164010561, 39.98607945506852, 59.37389811716652, 46.6207102439571, 31.49515592905679, 4.5527475741973795, 23.660406656924184, 38.9397245907515, 76.55864879028064, 51.85609095345176, 20.40523929078822, 56.18137528081288, 87.3418579825128, 68.73213571440732, 45.7573491851263, 68.12039021972616, 9.612254980383966, 77.48630165291594, 31.980480951252783, 75.43928269850664, 39.249409829551915, 89.68927290159348, 23.484536882895963, 58.645778461257684, 74.97335415705741, 22.550677229503222, 53.06437469855894, 35.410795289968874, 40.55692126781229, 62.92889525793232, 86.62670913915265, 16.548413130611355, 45.52344370017485, 72.50064546902287, 40.09197274978321, 57.00449879609022, 40.37006168514944, 64.92201197983103, 62.21073519504878, 6.996573605776338, 81.37741504724599, 36.31717045950818, 42.51454936108553, 59.30464238384656, 11.177858266749242, 42.60620226774831, 58.00674772944574, 59.861952429570756, 77.53730604365319, 59.8205494272015, 56.04306630746057, 60.85153842899908, 8.833850606224205, 32.58492668851007, 38.44363536392975, 38.075174932085666, 84.7851676392787, 57.926408415042246, 0.0, 40.515494547204405, 87.51366518284335, 53.24137900078384, 60.20421463202098, 18.597677985318725, 38.48285003054961, 81.52107912936405, 9.311400589946286, 63.58770977866728, 10.995900111505419, 64.13328945658252, 43.771907766416845, 27.361652157472427, 43.961377647676755, 75.21681427339244, 23.89997655172431, 54.918494209919416, 47.26052016881051], [80.15889333057464, 24.748668431896185, 39.02615823322097, 81.0778466803573, 82.56682119032429, 48.190370131862124, 31.04631986802825, 81.85260390654311, 29.97571509707954, 86.96706097590236, 54.23485153319156, 13.846255681815151, 64.1230972138852, 12.088599466696543, 85.93245704656451, 70.03804495157432, 36.3058532591291, 77.98294488111483, 90.28789378950565, 71.42414621056251, 46.395797546126374, 44.911127116022705, 40.81947735482856, 73.58276961430374, 88.31972281571377, 84.53136232852935, 20.604586242379856, 40.292402318185104, 108.04919485755076, 55.29440885809215, 73.75605281318197, 51.252914046625456, 30.911568357390582, 84.2496300877403, 56.9642333019602, 64.519952643462, 70.83098656916498, 108.17652268255297, 63.77959518752067, 73.70938778283009, 84.81101264801286, 61.28778834417838, 68.2692765978873, 65.3792934825191, 50.03312283195517, 86.01142238756212, 67.23216630072541, 53.54649133600954, 8.455643512484581, 91.06543224744605, 80.09887127398424, 42.661134327456196, 76.54705978851996, 85.68354784244715, 90.83421503515665, 40.664368724677566, 68.98743490197911, 76.82408135827656, 74.34071924241134, 71.59444441362672, 30.400601607390282, 3.226487549663627, 73.93852217488516, 46.57345294795583, 74.45845742591388, 72.33312968451473, 43.23383788366973, 90.37727499133781, 46.84582528033598, 37.61105648826896, 48.21888598890922, 35.60737018453686, 106.12266704209907, 24.552818423586967, 40.515494547204405, 0.0, 72.26603338693131, 25.563138665524118, 79.73055258649947, 24.499620678226975, 54.423642819221186, 85.37903078321509, 45.619581787179435, 49.38066883283575, 47.52710955771112, 81.8901000635189, 18.556714662292933, 56.048556231621845, 9.887262235569272, 67.06911558411241, 20.151618587132255, 15.424473432194931, 46.70891026273848], [57.9942739624807, 48.141333872162015, 34.05507174685625, 28.613928881448548, 11.504773891903234, 70.67256552636375, 67.16481812423142, 90.32682949163674, 43.216251598457255, 55.12993603065808, 102.50944749094822, 67.33937244491925, 35.02406347452233, 70.66203430560397, 97.79265786022276, 68.66916939504769, 87.43502569260369, 100.1648483669664, 90.68688742978843, 71.78512063566619, 60.20082557574411, 91.09761220820137, 65.57755299935079, 89.8919656726973, 54.216183867304906, 91.27555713281984, 80.62753624965569, 33.25194416859612, 80.690220166567, 18.868632155167443, 77.78918123857554, 21.202339162369103, 82.06213187183764, 43.92288597947378, 70.28256173019433, 13.261585381225045, 82.9934646955378, 76.60733749291111, 105.42905860102115, 56.22114431189099, 49.57934569852408, 92.8562288004017, 56.009154247284464, 78.60522205379003, 51.871169596896394, 73.59755783008742, 9.335487069432807, 86.28872274873902, 64.62195932011188, 67.55012221965514, 109.17854388568864, 31.564387114521647, 94.69895588481666, 69.28282958898315, 86.3292147382208, 93.06747216915156, 7.55939130868075, 113.07890760657033, 84.79605491339, 51.410614079956744, 85.59317568049859, 74.52479056051874, 57.69981443847458, 28.097508988330944, 24.33317443319741, 51.828389504516345, 32.01274462875726, 87.89362586698007, 96.29639757405272, 55.201989076752064, 53.16916111973102, 49.451470085295256, 80.704611628034, 51.37894833549047, 87.51366518284335, 72.26603338693131, 0.0, 47.022524923851506, 65.08128185611979, 85.57040017840147, 58.62574619688809, 39.060379967265426, 83.6973557675837, 24.472937104505604, 84.19375475079974, 62.65067383365932, 54.12295723174715, 75.19435392611261, 81.53093921358482, 16.471595550092314, 84.96278559136856, 65.31831846933657, 41.46090006285433], [67.35160859092083, 7.817841789937041, 15.873185777349617, 59.66484617824616, 57.07270165090764, 48.70744699701744, 34.88167526693233, 80.85237747501681, 4.755243909830393, 71.79056084713042, 68.94723849716742, 24.847786800646283, 46.07003724849542, 27.2874670786942, 86.66809301072507, 63.59539441600807, 50.88904257723913, 82.41610453721078, 86.81798739990366, 65.8962332689394, 41.711956892043546, 57.70686315289087, 40.61927126887842, 75.06714736229989, 72.57965184385161, 83.0726404849148, 38.80560322061998, 17.522876118921594, 95.95947418531645, 31.264825854669517, 70.05413818614377, 26.447585801059628, 44.7600884191004, 66.26401502566087, 54.72728757852937, 40.63143314264351, 70.20987616011301, 94.72842626216371, 75.94649055230353, 61.62210444477266, 68.3674963172454, 68.42912229014154, 57.19178707116749, 64.50948532581369, 40.29237843594589, 77.32612568852825, 41.67341012275369, 60.344819767836874, 17.622193557066865, 78.98771811801106, 87.68375082886652, 20.161103319963278, 79.11640924750746, 75.52979949858432, 85.5359332290023, 56.438412556181795, 44.426760377507435, 87.36286479235602, 73.39751597822384, 58.191638749333464, 46.71010828097652, 27.592883409439985, 62.340124621856745, 23.773285651334305, 52.77610221745139, 58.94432648075212, 21.47810807092849, 85.80748657440688, 61.57892083929398, 31.497023827900026, 39.404978642353626, 25.400899973707173, 94.55615513022191, 8.26683234488702, 53.24137900078384, 25.563138665524118, 47.022524923851506, 0.0, 69.51949117996256, 43.864556183582295, 47.240528298566005, 65.88587209826946, 54.093156747809324, 25.701623989647373, 55.52334279598814, 70.30904983376513, 9.712368257390409, 56.45693695721399, 34.54082577957745, 43.97142831798698, 41.55972578408256, 19.694652262728397, 31.688227452489876], [8.462206772749274, 62.794627214432815, 57.31887060263143, 41.53839519888526, 73.99195765054068, 37.088574125608325, 51.026442072362585, 29.576519753446586, 70.46983865556, 17.857948986859643, 67.72803265894191, 66.34689800135489, 30.83195622879395, 69.19775584963503, 36.92673464517131, 13.55304131516403, 63.95334368771103, 44.97709281828953, 26.330190157622216, 15.039987776919705, 33.85624047910294, 60.612553645636694, 41.179352417374865, 34.59588054091465, 20.306452985623103, 29.324794395107077, 70.40005894937072, 55.76410914812919, 28.521902105757523, 54.393966057602455, 19.57075585707176, 59.064699361451865, 62.72622284379611, 27.414711394802854, 28.223741087168104, 52.902493638512794, 28.161335791623756, 29.76695790507796, 63.44717639935827, 9.11794788231838, 21.689606325049095, 48.345926533259316, 12.335871535368351, 27.854373365821967, 30.11596992183784, 8.709262471497158, 70.84320192989846, 47.05511769833059, 77.86122816909605, 12.332314717198617, 55.95333950441797, 53.826356389418926, 38.689025788696206, 6.054450592909858, 21.340667021374124, 67.12022526739811, 57.63150129075168, 63.98163720487582, 27.597374725796104, 13.881422459824181, 67.17062223017928, 82.94972278533663, 7.836449219062577, 52.60718803764117, 42.02424628169331, 13.362575713028061, 51.84446399466629, 23.120956413198872, 65.72938665849158, 42.15223502287952, 31.683637228407033, 45.55757760885586, 26.436996327919665, 77.78101539494124, 60.20421463202098, 79.73055258649947, 65.08128185611979, 69.51949117996256, 0.0, 72.69328320209743, 25.4652286134107, 33.82615563655577, 51.26518748648223, 54.32925083940153, 50.08861265847067, 4.696647699923668, 66.57902628554845, 33.20228823727093, 88.53457522270976, 48.70992208121056, 76.20010541463118, 85.76871831293977, 38.02635535977934], [75.68298816351005, 38.960261791022326, 51.8098901970116, 86.54738809956773, 96.79958365484897, 36.02988795871833, 22.938606039641524, 66.30158078771346, 48.607386987777346, 84.41107179883119, 30.13081006189857, 19.135405122362982, 67.06034921802959, 16.619597200066327, 68.72794891222317, 60.46071406867425, 13.577107616106462, 58.520154273616924, 76.2184764676895, 60.8282338855435, 39.80256184698294, 22.32392977481462, 31.77826614861355, 56.668028022166624, 86.28107771154248, 69.1660969435597, 5.098007989376952, 52.4054807899879, 100.9183309144563, 66.90256765728951, 61.24168503984351, 64.68335212099342, 10.69891514845229, 85.09201274868721, 45.46441714707642, 75.06858396055115, 55.92590063991188, 102.44302900393512, 40.386010673055814, 69.16756730722378, 83.828392989017, 41.101799672033316, 63.38847681462419, 51.32105189949649, 47.24857904703155, 76.94821118080255, 82.72126062202422, 34.51576884615575, 31.367327281026807, 84.94338074062183, 58.49148157705783, 54.006926833449, 58.54963039347414, 78.06161636511924, 78.31059846915049, 16.666218127291998, 80.5569327918748, 53.77599315125662, 59.36443468365489, 68.63735748633506, 7.42844622996623, 25.852858156796483, 68.87958216822328, 57.56655526038099, 80.79759547784565, 69.2749241161226, 53.67260162110301, 77.24619272027795, 22.990000477775197, 35.7288866029426, 45.03875835606278, 38.36213519718324, 98.5626427630918, 46.26846934273684, 18.597677985318725, 24.499620678226975, 85.57040017840147, 43.864556183582295, 72.69328320209743, 0.0, 48.141739864931985, 87.9854124320751, 26.482614470262003, 61.11734718663505, 28.447477418856195, 76.00933465450271, 34.25896891385909, 42.26299411029595, 25.88756892764283, 76.09926839621392, 5.347725667961235, 39.84685992414675, 49.800805608562214], [27.545024459300816, 39.812199045081925, 38.405071715001654, 45.645436828656244, 69.58585945113009, 15.271541924454256, 25.78297798811067, 34.877579856260446, 49.217515459234846, 36.45665989170662, 49.77356864684543, 40.92036925997087, 26.314284878554368, 43.73552703480618, 41.62305653795728, 16.448967042316394, 41.251206072671856, 41.7233758657811, 39.66264352108482, 18.655721434479947, 8.479093414068396, 40.18641288730339, 16.37758201923321, 31.868214867487023, 38.456534995790925, 36.720506240483004, 45.40291580789423, 37.23946985481231, 53.972231575991024, 42.34667113581682, 23.123692449713445, 44.93302921322001, 38.83828627375599, 39.05250764996453, 11.680609779966122, 45.375894381524944, 25.43808010593795, 54.77689302346928, 49.33091378041269, 21.027304065503895, 36.55381065106507, 35.23376067275927, 15.249284355133739, 20.38173847322869, 7.742276577534772, 31.653637968944363, 61.24243883653843, 30.08998559849527, 53.121451571087114, 37.31234211878953, 50.559121397686695, 36.15773006408457, 36.60002186721509, 31.32557814190041, 38.35107408852812, 45.439229957857734, 51.316842605334585, 55.02034751596588, 27.98683868793202, 20.93085388023882, 43.36734753987613, 57.63112726164862, 20.762458280558555, 36.62878822261681, 42.14244900869196, 21.494301506360628, 34.27524601593716, 38.56736311698239, 45.7183052486403, 17.137067163208116, 7.92306833978112, 21.924109756279247, 51.898220904741954, 55.281960405928, 38.48285003054961, 54.423642819221186, 58.62574619688809, 47.240528298566005, 25.4652286134107, 48.141739864931985, 0.0, 43.40164400154538, 30.859485509110744, 39.62562539735668, 30.401435892562603, 28.183601816223337, 42.60313681739085, 16.959357712142285, 63.09587211878857, 43.20560129791248, 51.24017210289138, 61.54499891961203, 19.32621373994989], [25.371640023358896, 62.06722674327265, 50.15131655140614, 10.504716844012783, 44.809584098390864, 58.672718743751226, 65.20600651286354, 63.21987270085205, 64.48196080145154, 18.187771172233752, 93.12694127871752, 74.75997751763515, 21.39552824169377, 78.24830650774166, 70.67094951429696, 43.58522374283023, 83.72221111722747, 77.51761896302625, 59.777805827779424, 46.316228958318455, 50.06287778460559, 83.51889119121724, 58.14668457340377, 66.7917986762571, 16.50599597801634, 63.127626410776685, 84.12677099414795, 48.4460081105251, 42.01460111309554, 38.11517779224587, 52.04153086365695, 44.13708207093963, 80.28222978558318, 6.508787384434404, 53.118621746835075, 31.260079739315643, 59.80823941801585, 37.61336058049915, 91.73733279841301, 27.6764616327803, 12.756122326890504, 76.87060329028746, 31.311056301161397, 57.56524924142381, 41.28226543422532, 40.73648306801511, 47.355338302953605, 73.00816072388588, 80.3178035830459, 31.226723288768238, 88.17635672887467, 45.81646757386937, 71.29391243176286, 35.69298353857082, 54.13856723128204, 88.36685844518864, 33.059453363971, 95.04570391671102, 60.15445273786185, 24.387144761078904, 84.71931475681164, 88.42910495399894, 29.092369086743624, 42.518389903990524, 15.661287886387123, 24.217341222867805, 44.408714145844385, 56.270268247315705, 89.06856884151803, 52.2693500329358, 43.485738567642954, 50.90185335458385, 42.34426683152217, 73.37109184054621, 81.52107912936405, 85.37903078321509, 39.060379967265426, 65.88587209826946, 33.82615563655577, 87.9854124320751, 43.40164400154538, 0.0, 74.25098920960498, 41.762717269928665, 73.79525035960035, 29.76692839339123, 67.80629170488825, 58.937165872070736, 95.22804527507822, 26.175024798914993, 89.75236892075814, 85.35068302893497, 39.149838142732605], [56.23740224978385, 46.72079582249511, 54.31188131622717, 75.8613762147763, 95.16983244124086, 15.596969047316387, 19.287828473806698, 40.00676032607774, 58.12196230145746, 66.03456113441933, 19.300314131828383, 33.37860902167739, 55.944134402410306, 33.77080769103933, 42.24954397737115, 37.9116344339744, 13.992708898841576, 32.614416540747186, 50.245696666035485, 37.42183092558348, 24.924429736880093, 9.478167487981057, 18.167895630135455, 30.20642641398955, 68.24401394738175, 42.88869422387816, 27.035371628001755, 54.05065242537658, 78.13253843673787, 65.24056010440181, 36.4464254071697, 65.42020587486779, 16.03199826346946, 69.85096072646789, 23.10893615250675, 71.11130985264226, 30.03809489706036, 80.59643639923725, 22.42625566794455, 50.25457238090588, 66.94196131931523, 15.670455160181403, 44.81315003103784, 26.100736060760394, 34.1674995350811, 53.705086092195344, 83.75951663641862, 8.146767606503596, 49.316971407814655, 63.51268682839778, 34.734877357227575, 54.45636751098712, 32.122179325992875, 55.828031626590956, 52.941392949355205, 15.954175176324375, 77.1434608621612, 33.276261083290436, 33.35616292416394, 51.29473254585731, 19.23195252820766, 48.10358109327457, 49.51550306246669, 56.86367743877517, 71.57759954688413, 51.761695607029985, 53.22653833312044, 51.62307718281512, 14.91490863663416, 28.61642027680221, 32.22046322353676, 35.026885896912354, 75.5552498095229, 59.82746207591437, 9.311400589946286, 45.619581787179435, 83.6973557675837, 54.093156747809324, 51.26518748648223, 26.482614470262003, 30.859485509110744, 74.25098920960498, 0.0, 60.55037231082835, 1.9868148670137702, 55.314766488631456, 45.199554185313, 18.189934069099834, 50.507036700506646, 70.32626574440987, 31.52520008378313, 58.926034233427835, 42.48038258139998], [49.61281299058367, 24.667155830595238, 10.35752965170566, 34.41569218000533, 35.82226617969666, 48.94326334121986, 43.10378170181288, 74.05652074216442, 23.298681849032796, 51.25275290819552, 78.89884016154366, 43.100970628991824, 24.98847380258443, 46.497049395150974, 81.08020291973077, 53.27501806691494, 63.21241277582001, 80.94923818078816, 76.95531771777765, 56.2139569083894, 38.79636378974098, 67.36634891994841, 42.78194197247869, 71.43770593373985, 51.44840859862326, 75.59098406282503, 56.196919096247726, 9.151845530428684, 77.05312780617407, 5.963722310129869, 61.72466640988195, 5.311080073857364, 57.71979822082129, 43.39148148416436, 50.61970799364434, 15.155783225570431, 65.05821850585714, 74.64521905037792, 82.74307327572836, 45.33521151576625, 46.817739346810036, 71.26145428149569, 42.728157426571606, 59.95220485404054, 31.999947598429927, 62.95709810553737, 23.20914606068485, 64.08918285579708, 42.46153838659049, 61.025501355530906, 88.8813856544727, 7.134086166766855, 76.12070053698376, 59.802664327964976, 73.9231743702766, 68.8868104820199, 19.812302832630518, 91.5338392990212, 67.49880457191168, 40.8827101040002, 61.167908092377495, 51.95620391004055, 46.50435900193628, 3.725762069733319, 27.505833184394486, 41.546914937421626, 7.596251860157267, 74.9124247150453, 72.41407475367092, 31.971072609053312, 32.63009628741799, 25.627854941696373, 76.19613075466403, 32.284359046840905, 63.58770977866728, 49.38066883283575, 24.472937104505604, 25.701623989647373, 54.32925083940153, 61.11734718663505, 39.62562539735668, 41.762717269928665, 60.55037231082835, 0.0, 61.265107173968545, 53.57896919900876, 30.84468174566445, 54.70523657960998, 59.04186501515275, 18.273241082295204, 60.64919694092508, 45.33709027628624, 20.40146612656735], [55.27381294177268, 48.0816646495189, 55.28681175585441, 75.67683659947184, 95.64502983316584, 15.152840956611533, 20.651266009043297, 38.11808692351929, 59.48811027838271, 65.14677388566227, 19.419740153880674, 35.17369860448846, 55.835478059763425, 35.643328993753194, 40.28072763481383, 36.65999584967017, 15.819112632277685, 30.644623808256426, 48.41943999326505, 36.04665329465903, 24.91364403942698, 10.525651385610896, 18.620037546306776, 28.26577624310474, 67.38389903901364, 41.00273554662402, 29.02102457749722, 54.97098459682795, 76.71852376170207, 65.84397681775222, 34.853956727209024, 66.19454058636289, 18.017180648929685, 69.26862104939308, 22.060559176818597, 71.50709325852785, 28.257939389321105, 79.28765520412325, 21.50511620516418, 49.38526480250746, 66.20670220899322, 13.791066795622775, 44.02255135620792, 24.47877273279437, 34.12973520626781, 52.28543791192453, 84.4662213600208, 6.161737196709728, 51.11331404783209, 62.290785436726615, 32.95767685431797, 55.29150719617386, 30.140124596043602, 54.532483366705165, 51.216647233506386, 17.40519234700235, 77.55130944111929, 31.85795779386618, 31.542228725187236, 50.595275107964916, 21.172986199637833, 50.033139915278554, 48.59830960255042, 57.59708443741152, 71.5407743728382, 51.04030546381872, 54.00998061994763, 49.85800981788353, 15.742245712014013, 29.294274800677687, 32.2500842776736, 35.85251164633096, 74.11864639361302, 61.390932262657444, 10.995900111505419, 47.52710955771112, 84.19375475079974, 55.52334279598814, 50.08861265847067, 28.447477418856195, 30.401435892562603, 73.79525035960035, 1.9868148670137702, 61.265107173968545, 0.0, 54.20970504694052, 46.735524051113664, 16.906857798545452, 52.4822558901794, 70.58299909837447, 33.50400361283411, 60.72943336472912, 42.85294961645863], [4.7154324310706395, 63.87586233803846, 57.39230842766321, 38.006487719653656, 71.13238722135392, 40.78435698843503, 53.954106508648806, 34.04201933852794, 70.94910244635098, 13.219062536519756, 72.10618685950107, 68.72467790771702, 29.272070193200697, 71.69327714753696, 41.30181246967576, 17.963318168877183, 67.73307384221272, 49.640256595149175, 30.028672005200917, 19.654677336928305, 36.660908755389336, 64.7178302453867, 44.305422995264465, 39.28660165831338, 15.659502880381948, 33.63966255493605, 73.50533984762255, 55.77939226792546, 26.197110357941394, 53.13593280859193, 24.26647652584426, 58.101082391465305, 66.23429056292588, 23.28560541474735, 32.20868955914881, 50.88001484079475, 32.85423553453151, 26.593781722928064, 68.03619230385705, 8.689839305879138, 17.34442226841068, 52.916238970038826, 13.642259606738502, 32.42850862766503, 31.90598548454798, 11.225454205501581, 68.85700254343055, 51.393555252526355, 79.58147123854691, 9.187201545566362, 60.628202873962096, 53.69522517118058, 43.35421724455191, 6.633443341374066, 24.575001788141574, 71.08520466657343, 55.30429607880565, 68.67805219983705, 32.28065472284479, 12.710374003760188, 70.71468759129428, 85.1161344102073, 8.062652897071445, 52.1527213375667, 39.072141495018904, 12.033501859357585, 51.73840491899385, 26.591628110235515, 69.90582502812357, 44.2948016259191, 33.67135541157314, 47.0968798362585, 24.449741727461213, 78.57291471705614, 64.13328945658252, 81.8901000635189, 62.65067383365932, 70.30904983376513, 4.696647699923668, 76.00933465450271, 28.183601816223337, 29.76692839339123, 55.314766488631456, 53.57896919900876, 54.20970504694052, 0.0, 67.9909035340536, 37.388064042944414, 90.90125718293895, 46.45791399161836, 79.33132700947532, 87.18334131921797, 38.62797799034241], [65.57560440397792, 6.19195732341207, 20.502192608819303, 62.88728120276204, 64.74395889654396, 41.47851400948987, 26.288695947622166, 74.63819892860528, 14.399220143892318, 71.24870185225672, 59.40477681748382, 15.170712057145522, 46.89859605352777, 17.779648585898734, 79.99181351941152, 59.026043786575, 41.25657333911565, 74.7163519357626, 81.46530328244886, 61.01978647667195, 35.92443323841586, 48.272248096558606, 33.3133496367623, 68.05773919430695, 72.34291454290573, 77.0247185142405, 29.179828428780155, 21.73868793287695, 94.08761729325362, 36.7755675140337, 64.58867971522196, 32.96442708490004, 35.122816056047725, 67.2488120147596, 48.49292853199658, 45.97126379351188, 63.749243226898805, 93.48362888606482, 66.72070636685825, 59.42926603628281, 68.4801735340147, 59.98171888793587, 54.458869690466, 58.037333167428635, 36.52643944980637, 73.8294571657924, 49.77386074875146, 51.85867008965885, 12.514082407112685, 76.98530436097703, 79.31952741861139, 24.10804918126915, 71.85788664010339, 72.63318841886966, 80.81378659246937, 46.77272164364815, 50.52471841296368, 78.44814850360677, 67.07837471935109, 56.58946187021355, 37.00036653537021, 21.251495474653797, 59.928483024521384, 28.019647966765344, 56.17590291419397, 57.34595796939951, 24.734164887690966, 80.82683216661275, 51.999092169465044, 25.73166844736011, 35.18985776659429, 21.035055694076313, 92.43912447296744, 14.689142159572953, 43.771907766416845, 18.556714662292933, 54.12295723174715, 9.712368257390409, 66.57902628554845, 34.25896891385909, 42.60313681739085, 67.80629170488825, 45.199554185313, 30.84468174566445, 46.735524051113664, 67.9909035340536, 0.0, 49.45247597109341, 28.318637447276224, 48.53540492847818, 32.220951937098704, 19.19939893165689, 30.34345895917167], [38.705556195077136, 48.63992787745808, 51.398698285154545, 62.206639097840856, 86.301382823213, 8.051874285782453, 25.062142580445236, 25.830736926689294, 59.49116223326441, 48.73131675992641, 34.984437001308386, 42.32141494617683, 43.22024033898461, 44.07913120719489, 30.579842470762827, 19.753247309469796, 31.569093933833997, 26.598987425381303, 34.5466268726519, 19.259163426467076, 16.066656135860217, 27.431173767130804, 16.16020248819355, 18.63571172658178, 51.03549631578286, 28.484366349379624, 41.25799195185331, 50.57745968863177, 59.9802239887359, 58.163162407914456, 18.978903222653553, 59.977161587800126, 31.64152067636388, 53.88742952707027, 5.818614630009092, 62.000130886412634, 14.79005039956546, 62.40954397483967, 32.83935909546599, 33.10974818846618, 50.25706059363818, 18.32980025536481, 28.08807911243194, 9.39222122573128, 23.339826347620974, 35.57221195118018, 77.1788824500364, 14.30301593577702, 57.30535806792473, 45.38469475478993, 34.22278843563038, 50.086203869878474, 22.69398688852255, 37.64385081101533, 36.09919340044145, 34.13958274284939, 67.99865542263909, 38.08474624471191, 18.293553302824243, 34.927338470306694, 35.74955523221661, 59.01102879399986, 32.1850945326371, 51.36030302634197, 59.01756944443964, 35.27729441764853, 48.4007365561194, 35.17066732138126, 32.53092120029219, 25.319227695905937, 22.236894673796783, 32.15983075869793, 57.42877774960046, 63.7264345842753, 27.361652157472427, 56.048556231621845, 75.19435392611261, 56.45693695721399, 33.20228823727093, 42.26299411029595, 16.959357712142285, 58.937165872070736, 18.189934069099834, 54.70523657960998, 16.906857798545452, 37.388064042944414, 49.45247597109341, 0.0, 63.014215752959004, 60.06381903997058, 46.6534961488342, 66.67663210588114, 34.45668404372496], [89.36855388101286, 34.49911280873994, 48.686252257232624, 90.96291462730832, 91.58545305686019, 55.433814796775835, 38.54435482325141, 88.57077789711181, 38.66412446911792, 96.44747641794454, 55.86372234503425, 22.190676173409773, 73.94250903684627, 19.44630314451723, 92.08542399505336, 78.26089427216195, 39.18914055102538, 83.11866989560396, 97.53126372613079, 79.43205373594759, 54.853594569356275, 48.01089061512755, 48.598543580599234, 79.75403330424025, 97.85946774324088, 91.33035864755927, 23.633597010527527, 50.004203894212395, 116.97747638200256, 64.92178571166072, 81.3094152704163, 60.68199948412921, 34.74894163016507, 94.01143702123674, 64.56253305422335, 74.19639587026728, 77.66195255026567, 117.32680099522389, 66.27284550857935, 82.86879717763256, 94.43811816263202, 65.94120563459653, 77.3365296325044, 72.40631119578242, 59.19603838703678, 94.47246031347808, 76.08721110035248, 58.634945583326875, 16.918748011443583, 100.08828537366318, 84.0531129746569, 52.41511349171133, 82.32098814178147, 94.4214497206859, 98.51634274931212, 42.52689073115813, 78.5290715683873, 79.65802479185282, 81.18370341306742, 80.9503978763787, 32.966525408580544, 7.085730220990476, 83.02364760223753, 56.32361709462083, 84.33567724180857, 81.681387997435, 53.04458997233252, 97.89156350840162, 48.85466365941916, 46.642994012275416, 57.295081276041856, 45.177665014826076, 114.96966592175947, 32.031358465400345, 43.961377647676755, 9.887262235569272, 81.53093921358482, 34.54082577957745, 88.53457522270976, 25.88756892764283, 63.09587211878857, 95.22804527507822, 50.507036700506646, 59.04186501515275, 52.4822558901794, 90.90125718293895, 28.318637447276224, 63.014215752959004, 0.0, 76.8531613328269, 20.629554514833714, 19.7951627452288, 56.449558068995344], [41.85576690482243, 42.35509780465107, 28.38109986515213, 17.078277258414648, 26.58692418652425, 56.31656969588613, 55.54050228790419, 73.96796623715124, 41.467966393944046, 40.0079561876132, 89.50945448315895, 59.34733696655122, 18.589078549730136, 62.86080302625281, 81.46279003174963, 52.30655186880479, 75.85112495214763, 84.32800180961873, 74.2177274961738, 55.42422156196279, 45.89771059276647, 78.40754719908998, 52.20399325896889, 73.90971422478646, 39.44060625215579, 74.86169779033933, 71.44649418831138, 26.93201532431153, 66.04539209621512, 13.103588342997245, 61.453394598528796, 18.95885660735356, 70.98751592518876, 29.682837078863347, 54.87681302846245, 5.101127444163063, 66.93569446083852, 62.523930191600634, 91.35863790847318, 39.79122021486851, 34.6802981536003, 78.09966016611074, 39.55925245974029, 62.761332184721795, 37.036271351026336, 57.282895149069326, 22.57885074424797, 72.0149883849285, 60.503525638238216, 51.907619643013895, 93.6628251141376, 24.452227017942654, 78.71952551708087, 53.087756055478, 69.90592037063722, 81.2889759096295, 8.941584767859618, 98.13878616083588, 68.60243736808943, 34.97402540421219, 74.92202951170393, 69.77987446164589, 41.2599514742475, 20.557984132708174, 10.565287134097606, 35.40933856054543, 23.852693634275994, 71.44313782857273, 83.80825394578738, 42.66206042433151, 38.61580668083402, 38.05255989313956, 65.7746320894717, 50.42908998703682, 75.21681427339244, 67.06911558411241, 16.471595550092314, 43.97142831798698, 48.70992208121056, 76.09926839621392, 43.20560129791248, 26.175024798914993, 70.32626574440987, 18.273241082295204, 70.58299909837447, 46.45791399161836, 48.53540492847818, 60.06381903997058, 76.8531613328269, 0.0, 76.40538691317245, 63.6078981642546, 27.980328446254752], [78.74496292231588, 37.44416376711312, 50.952974284032194, 87.70889233161412, 96.02642727616103, 40.03048707999009, 25.543739318284715, 71.12408790491112, 46.312049891184614, 87.17158325017765, 35.25775247465565, 17.65646993898936, 68.57991782014449, 14.516381672833495, 73.76108994308751, 64.31900723307984, 18.91083376152191, 63.753583916267395, 80.87598213387703, 64.8642563466687, 42.79151870380929, 27.670835396447437, 35.0396175531613, 61.62749625041267, 88.95468803175287, 73.97462525353576, 5.840798590719055, 51.71173518306943, 104.58226654994391, 66.53521130408795, 65.5950021614221, 63.868623679253666, 15.533330248577101, 87.19571615712927, 49.49903032500635, 75.02442564256752, 60.609452554428856, 105.8712558480258, 45.663055347491, 72.18995750115877, 86.28301413639346, 46.35476883382461, 66.41998263422498, 55.845257616518886, 49.632431372040514, 80.83248434443398, 81.55934657990682, 39.617743249187775, 27.62534332228008, 88.36230777931785, 63.837397431099596, 53.51559534404005, 63.64218460581761, 81.70563715739766, 82.75252427417206, 21.901087975299294, 80.32371361997522, 59.0772287688745, 64.07733612021224, 71.3535261574738, 12.722819086414436, 21.132779497998694, 71.99618989204792, 57.214528227312414, 81.73118838658003, 72.01647743049348, 53.37785399845249, 81.77360438565115, 28.228295967217484, 37.59688231597832, 47.45577629597615, 39.32446591254532, 102.29074314113056, 43.1195399255796, 23.89997655172431, 20.151618587132255, 84.96278559136856, 41.55972578408256, 76.20010541463118, 5.347725667961235, 51.24017210289138, 89.75236892075814, 31.52520008378313, 60.64919694092508, 33.50400361283411, 79.33132700947532, 32.220951937098704, 46.6534961488342, 20.629554514833714, 76.40538691317245, 0.0, 35.575413721119375, 51.01774512797629], [84.71332038920235, 23.78426527430057, 35.552577209340456, 79.34817142428588, 74.50911801415558, 58.62666638938849, 41.96065435607187, 92.35453414268238, 22.398664617782792, 90.09978739346151, 69.25024545678247, 25.556586430182385, 65.05700834216017, 25.47020377968696, 97.18537171950331, 77.88854664520906, 51.05827818802236, 90.51380196156101, 99.81227393604638, 79.74260906407588, 54.44030987128382, 59.41708177546025, 50.63585765759404, 84.97656605013906, 91.08662956444793, 94.87198061144476, 35.697769667520916, 37.179338029475666, 113.25913213543488, 50.76634626519681, 82.96573191288878, 45.61799522363127, 45.344165335158756, 85.39620021220149, 66.48752524736929, 60.102352013480655, 81.33598127439089, 112.55764689639332, 78.37798539739889, 78.6075949479581, 87.07144675332297, 74.49041179466545, 73.65823873755559, 75.68345173105125, 55.68978832550277, 92.94501177276112, 58.79828144187474, 66.49630616857033, 9.623857484528077, 96.16028798153921, 93.65971853402242, 39.811084770170524, 88.39278626736271, 91.82222467826531, 99.51700715651076, 55.72203361418735, 63.52965342577329, 91.15267313405793, 84.76563515277843, 75.68380705898187, 45.38598875538007, 14.969415461445973, 79.12153960437858, 43.464293985191404, 72.46480849959285, 76.44116675243171, 41.030435343637, 99.39861018192936, 61.79248244995342, 44.47529557689294, 54.292001715968716, 40.21269583623614, 111.6293703854643, 13.955080645132808, 54.918494209919416, 15.424473432194931, 65.31831846933657, 19.694652262728397, 85.76871831293977, 39.84685992414675, 61.54499891961203, 85.35068302893497, 58.926034233427835, 45.33709027628624, 60.72943336472912, 87.18334131921797, 19.19939893165689, 66.67663210588114, 19.7951627452288, 63.6078981642546, 35.575413721119375, 0.0, 49.25555793006837], [35.705712876375884, 25.552537329849102, 19.771963558718028, 36.75406554455199, 52.8546290848544, 29.271061934092753, 27.978543827849563, 54.07150925480406, 32.443604996773374, 40.906311246247114, 61.57873867935118, 35.61089193621837, 17.76078746263841, 39.099077394887836, 60.92916769246251, 34.04943545451753, 48.092212660458415, 60.561737546984375, 57.88756153371745, 36.80138354161792, 18.846270612041447, 50.42915707470326, 24.31438179944902, 51.05297257901134, 42.01477103721965, 55.772941889450905, 45.569427964714045, 18.399836824410237, 64.32818450068017, 23.74134527366987, 41.97195872707775, 25.710630824069423, 43.529876321486185, 37.56425293624355, 30.223994087963987, 28.654539564523926, 44.75213902925026, 63.34524790258264, 63.97950445905789, 29.93884691538825, 38.24839848914267, 51.563976343132666, 25.701850862860955, 39.574283318490004, 11.627588452123245, 46.12134534214222, 42.753666586685966, 44.83534228259627, 42.62513640693087, 47.31562723919805, 68.6787561914072, 17.003290657583126, 55.724446242681914, 43.98245244577061, 55.57870965693314, 53.43592426802547, 34.70130492862953, 71.84605655892149, 47.30194705231455, 26.57140861682384, 47.67230399686807, 49.84771783488819, 30.689708433963915, 17.307520773169674, 31.07440505588185, 27.327573098809996, 15.065890875217315, 56.245687083712255, 55.82894436624409, 14.81596225417068, 12.259540477442462, 11.784377060500498, 62.88028930702912, 39.948691339729585, 47.26052016881051, 46.70891026273848, 41.46090006285433, 31.688227452489876, 38.02635535977934, 49.800805608562214, 19.32621373994989, 39.149838142732605, 42.48038258139998, 20.40146612656735, 42.85294961645863, 38.62797799034241, 30.34345895917167, 34.45668404372496, 56.449558068995344, 27.980328446254752, 51.01774512797629, 49.25555793006837, 0.0]]",Route_4,4657.741322214301
