instance_id,num_cities,city_coordinates,distance_matrix,best_route,total_distance
2061,59,"[[68.16093665305391, 20.84041543490106], [28.88027860661204, 24.686741498150454], [32.470219253038366, 68.71810281527371], [47.52794764471319, 56.9486807958813], [58.51038301249872, 81.99322616476219], [46.75637399256263, 53.72667480687111], [48.271893557409975, 16.113412804901838], [88.00654531898006, 90.79380467993478], [56.44160140124672, 90.76543672247904], [34.70885137159255, 26.94886750056965], [87.81433587957916, 5.142419485620897], [61.26739388734727, 30.49117550693976], [87.02456808518073, 89.58450198509433], [25.401450930289727, 48.489702245014534], [82.1646239380669, 19.84238762138539], [91.75811456624403, 40.35015003485073], [62.663879959040536, 33.257072235951554], [15.28220365581775, 8.250459303962254], [17.677789578078762, 3.1293501790381484], [29.52577171307167, 43.49235656783949], [83.04858812812247, 25.503675185597963], [43.264326116907625, 87.48094725632829], [97.37338998054591, 47.92038553629355], [27.201313738151324, 25.379531034770707], [58.16936971826907, 53.654226987721074], [19.96838270763488, 95.35607409135281], [85.30692314782323, 61.629848910487524], [83.42188610009865, 45.600990378951956], [59.07042338983377, 19.174470113763654], [80.40738210361734, 3.50209242735805], [2.619712832773202, 83.9114714058568], [39.93595237205735, 75.2681391828189], [14.151350078213266, 32.80791212953946], [45.083874015947735, 42.66751204505667], [29.849136408683098, 3.108297959484563], [82.99271125570387, 40.02478332204037], [92.90897402155797, 81.86099693360846], [56.03836600487087, 90.35248931335728], [19.07818970337457, 45.61225920073042], [6.585144579846558, 61.18501454125774], [23.276548041869415, 98.93701579843301], [80.92830550783364, 80.25513347780144], [61.98355308341327, 20.629583814351648], [42.475324131132005, 81.45911546479799], [15.592596025538308, 51.077142479303475], [6.199388495388581, 8.646441449468723], [92.87100288470327, 63.36210956223888], [0.7741795622396075, 41.74733107489141], [97.90860664292617, 47.99111514890221], [82.4667890774654, 50.01578705942546], [66.61440211890631, 25.029487259403936], [62.36649349459362, 32.55512015501856], [80.96719016124995, 78.54144335919939], [89.87499859434426, 61.22197800799142], [70.35763610085087, 39.83765825566438], [41.137076281865106, 48.987814202308954], [0.526916639634889, 22.98364420656377], [95.31298493289916, 8.534266537652236], [71.28547632986135, 37.45927422418405]]","[[0.0, 39.46852316398893, 59.716833953421094, 41.587583036253434, 61.90960705521762, 39.238518807001185, 20.44305723526697, 72.71399349635723, 70.90029210667953, 34.00522307406223, 25.15319419041645, 11.859936839236658, 71.28524410021744, 50.920100946317746, 14.03920642675309, 30.617912234951962, 13.57906471051194, 54.356852362622654, 53.49981281360718, 44.786006821659605, 15.600902472151443, 71.1393119001808, 39.833305287199174, 41.21036616872013, 34.30127750443516, 88.74179196290187, 44.24661270807185, 29.08578088319473, 9.241904847043214, 21.227172936769534, 90.9593872074321, 61.31090319055953, 55.319584408429776, 31.764334817307102, 42.216371565146886, 24.24915481192931, 65.84813376272152, 70.56121550826732, 54.979635245106124, 73.61565625935492, 90.07600862239093, 60.77099988967888, 6.180980321817051, 65.83598927593431, 60.64396176610005, 63.15003128781553, 49.180096020965365, 70.55546862429648, 40.27510850123447, 32.49399518400506, 4.465432993132354, 13.06942532004259, 59.10506537037954, 45.849439275029376, 19.123826062140257, 39.020060055476385, 67.66796947406688, 29.81065290248279, 16.91003298784696], [39.46852316398893, 0.0, 44.17746544658173, 37.263498061843656, 64.5133805651847, 34.10091659798234, 21.202280426465688, 88.6908068396184, 71.5962322803355, 6.252157589783995, 62.09028611290832, 32.90314104109246, 87.13482492774246, 24.055834683467094, 53.504104719965774, 64.79941837666419, 34.8537270502755, 21.332112289560246, 24.2943796158648, 18.816689918787578, 54.17446942119364, 64.42059530599523, 72.32640265472389, 1.816282018733825, 41.19424806614913, 71.22904223477147, 67.44449124620685, 58.41397738745121, 30.68924857090867, 55.71204314188918, 64.785692459083, 51.77553200250615, 16.81947525991268, 24.20464033300092, 21.600183124039148, 56.244207650156255, 85.84037116146992, 71.06020086702405, 23.107536389411113, 42.76911194309099, 74.46143317120233, 76.13700343140927, 33.35097164338166, 58.37745890857745, 29.546840310283816, 27.779740853527294, 74.77029415835814, 32.87881567511329, 72.85604918428425, 59.271195816248074, 37.73568009057127, 34.39822626549131, 74.92246170437234, 71.09978462141694, 44.157915069645284, 27.21711270184415, 28.404465761831123, 68.36817181396786, 44.28700019402385], [59.716833953421094, 44.17746544658173, 0.0, 19.11163203360741, 29.228736349073436, 20.708383108604824, 54.92673594806773, 59.763033103415985, 32.568575260690295, 41.82918230777818, 84.29020557576334, 47.859954433278894, 58.408762962532975, 21.42791812639661, 69.70200422307433, 65.72514949105816, 46.57404681340028, 62.86305585939444, 67.2361543224025, 25.397008584783322, 66.52562027839019, 21.64617921268884, 68.15399191903862, 43.65768167572138, 29.78870070316079, 29.425795328473303, 53.31004241119951, 55.95063218487673, 56.2329298665944, 80.93886330484047, 33.49464408940045, 9.931774636014529, 40.31281139948133, 28.94369648049785, 65.66213953635464, 58.1018827724211, 61.8512630734006, 31.99225250688632, 26.70630009190339, 26.9589411843424, 31.5864890771803, 49.81254058954717, 56.42289015537217, 16.199861942528734, 24.41429186736172, 65.56493764158573, 60.63778794650869, 41.61804248583172, 68.64248365196983, 53.3800862573325, 55.44835752992524, 46.92066206280763, 49.48185734907143, 57.89214608520203, 47.63965190217677, 21.549911821374355, 55.785439731916355, 87.01325960671417, 49.83712016987921], [41.587583036253434, 37.263498061843656, 19.11163203360741, 0.0, 27.346720815145638, 3.313102548052278, 40.842044114076, 52.763711776201745, 34.97179155677397, 32.62388736820143, 65.62683740633348, 29.812278832195993, 51.23553308898664, 23.688313046255875, 50.75998756700215, 47.24213044869335, 28.113853581123227, 58.40637620905267, 61.543092907718986, 22.475564509127647, 47.43948016349215, 30.828521919548837, 50.65647280406641, 37.54708061368846, 11.139716766671572, 47.27216389455919, 38.06789099729317, 37.64498499983058, 39.49835109195962, 62.75025911159044, 52.38073721705071, 19.830303775050115, 41.191916402589484, 14.488798321198233, 56.668573219103976, 39.29590008752221, 51.76930606413363, 34.47088110473984, 30.625205003456923, 41.16138538011892, 48.488665262959344, 40.72805718419545, 39.09016927762186, 25.02579493301315, 32.4706274230015, 63.570088306037064, 45.79437440382755, 49.162952141318414, 51.170780562877475, 35.62004570777516, 37.190424310762374, 28.552202081073396, 39.804903406434626, 42.562116878671326, 28.530365707016756, 10.208752798316153, 57.98896986543225, 68.02474032733045, 30.728767266887782], [61.90960705521762, 64.5133805651847, 29.228736349073436, 27.346720815145638, 0.0, 30.612981784024782, 66.67065677381615, 30.781061921447865, 9.012853900068132, 59.96994521596069, 82.24821056333579, 51.57579210176942, 29.50739261506379, 47.10294575358776, 66.49999883766702, 53.28749799935735, 48.91282282446656, 85.47906851843715, 88.80772276143723, 48.19154128992059, 61.58890224808377, 16.203621004035494, 51.684541006876586, 64.69442244195017, 28.34105087012792, 40.79278725717712, 33.65593107349681, 44.10190258450884, 62.821252431156694, 81.48826077773113, 55.92357890857703, 19.754398713483294, 66.23382005900383, 41.55457778463488, 83.9303220227144, 48.58739127439184, 34.39884515471563, 8.717118128915155, 53.651399109493, 55.939360536712634, 39.09622915176899, 22.485199914506207, 61.461854127992225, 16.043951744153116, 52.8936732540329, 90.0899049585509, 39.08670750855025, 70.37898308752833, 52.04194057457926, 39.95580062125011, 57.53731550702418, 49.58826387242018, 22.72054118750218, 37.61892955131899, 43.78868930988945, 37.2986461626683, 82.72975967264965, 82.16234087225627, 46.33007537996293], [39.238518807001185, 34.10091659798234, 20.708383108604824, 3.313102548052278, 30.612981784024782, 0.0, 37.64378139852877, 55.457630236833594, 38.28411569044026, 29.363136164861505, 63.6096384161719, 27.394490798405904, 53.91948836389388, 21.987692480322572, 49.00907142837716, 46.947716341025554, 25.923992275205734, 55.30560165890467, 58.35797572778357, 20.040831438135854, 45.974585528134064, 33.934426574764025, 50.94894800308814, 34.43778363352943, 11.413225666808355, 49.503569183122245, 39.352318878107255, 37.555113174240304, 36.68093049137154, 60.45576086765234, 53.4711773206482, 22.595416317069343, 38.73863983680657, 11.184915608268131, 53.36735666474205, 38.74034032517261, 54.051850763571856, 37.78366927629035, 28.843120950677935, 40.857734936271186, 50.94386282220999, 43.26060590120798, 36.43191478953517, 28.060927510713025, 31.27620627142647, 60.63906754045482, 47.11051475822358, 47.51701675060158, 51.47278455365552, 35.90270788408855, 34.89799212277351, 26.30419276929189, 42.26289958383521, 43.76523000769095, 27.384746737258986, 7.350735105479018, 55.518435295292655, 66.3332362483768, 29.433062755875085], [20.44305723526697, 21.202280426465688, 54.92673594806773, 40.842044114076, 66.67065677381615, 37.64378139852877, 0.0, 84.59316450648794, 75.09772833610991, 17.359815430935107, 41.036172326543614, 19.380482169995492, 83.0648585647332, 39.639390306491244, 34.097249534792, 49.78424298091467, 22.38379617653223, 33.913797746067225, 33.235298713423354, 33.18167635573706, 36.02215308449706, 71.54299899603538, 58.50333721529676, 23.01804250951106, 38.8236109070722, 84.14563621592347, 58.679974203442264, 45.88070626022111, 11.22400634309706, 34.52151540370839, 81.7355391183873, 59.73917950802383, 37.985757791784, 26.744787437045307, 22.550631767280045, 42.15790343038942, 79.46831929218195, 74.64421327273448, 41.50246117282457, 61.39409029702342, 86.51310022344198, 71.9763959389191, 14.436253237721754, 65.6022947253312, 47.85811195524984, 42.729981785821934, 64.97322447019735, 53.97342494820491, 58.99145016582099, 48.152485498895, 20.394705293452795, 21.65611894999054, 70.47156461227023, 61.36449301832104, 32.41326651084679, 33.6397366932807, 48.23673807785159, 47.64774638886383, 31.38902342787478], [72.71399349635723, 88.6908068396184, 59.763033103415985, 52.763711776201745, 30.781061921447865, 55.457630236833594, 84.59316450648794, 0.0, 31.56495666511616, 83.16742260973624, 85.65160086170793, 65.96506124047441, 1.557784418797589, 75.55815592138978, 71.19151373609768, 50.58296715070723, 62.87071073143989, 110.01015287780237, 112.38856911182353, 75.21587515310019, 65.47810587435808, 44.86469885595404, 43.884710868140026, 89.31015274940816, 47.64037446309214, 68.1909515530485, 29.288637318750038, 45.42476818428898, 77.24395274712172, 87.62185977003898, 85.66374771934177, 50.51562328029884, 93.89863470209656, 64.48639976433851, 105.21897309887419, 51.01599809522898, 10.18964481307799, 31.971225311392367, 82.41656544506561, 86.63789558731669, 65.24020566196265, 12.695080524784895, 74.83457766678917, 46.478258633472215, 82.59051585159284, 115.93360252005377, 27.85966339421464, 100.07518278078716, 43.93314295100175, 41.152589472279494, 69.15612219088631, 63.632983842893445, 14.130565415811011, 29.630795641657684, 53.9259942421227, 62.80515876611108, 110.68379871191826, 82.58338619367386, 55.894241984968986], [70.90029210667953, 71.5962322803355, 32.568575260690295, 34.97179155677397, 9.012853900068132, 38.28411569044026, 75.09772833610991, 31.56495666511616, 0.0, 67.4156282408329, 91.18963509846532, 60.467138498509804, 30.60575857652575, 52.44738951433839, 75.44370604779367, 61.554506203276304, 57.844003460739785, 92.21072346069495, 95.82649305756439, 54.39858449546111, 70.47715418191112, 13.580443842986472, 59.254617773193864, 71.6261899393124, 37.151407393724675, 36.7609797655685, 41.0132817107294, 52.60953312802196, 71.63921555278142, 90.49447442934262, 54.25654365731972, 22.64073057362629, 71.74635888953898, 49.42072773274151, 91.60203693420573, 57.26757670800205, 37.53875748852442, 0.5771692538508598, 58.607456641755356, 57.971265840961486, 34.15692417248533, 26.647047722001425, 70.35446746012614, 16.78286376447384, 56.95438473127014, 96.26946214831715, 45.5855638540758, 74.173017570273, 59.57478585604174, 48.351259975764926, 66.51842546432664, 58.5110699030685, 27.403111461480087, 44.61623023840155, 52.79483536602361, 44.492676167742545, 87.86821591827737, 90.95575741881746, 55.33432554202667], [34.00522307406223, 6.252157589783995, 41.82918230777818, 32.62388736820143, 59.96994521596069, 29.363136164861505, 17.359815430935107, 83.16742260973624, 67.4156282408329, 0.0, 57.40830654057537, 26.793732971968364, 81.60978447793737, 23.46561877433126, 47.984918528160385, 58.602156996276534, 28.65793206615803, 26.96340317096069, 29.281845420758994, 17.3364167366111, 48.36133507790974, 61.13369633577909, 66.08062475337002, 7.669806924585692, 35.5467599990876, 69.9773344018419, 61.34276924811645, 52.16187727000356, 25.57200512138087, 51.36250551131234, 65.37928613738588, 48.60117900598785, 21.376137709875255, 18.833928989640327, 24.33083610491099, 50.023101661918986, 80.01622482560538, 66.89519753667099, 24.344193844527464, 44.306395112892176, 72.89026721571246, 70.55349695860208, 27.997190926514342, 55.06074129764626, 30.783191385964844, 33.878728914256364, 68.62040560996243, 37.021027470466315, 66.61069923405863, 53.03681166748956, 31.96323182970694, 28.220121130667007, 69.29377887882278, 64.94574584417566, 37.90721276751453, 22.95729180933923, 34.4111560077708, 63.34002315550704, 38.056775255316246], [25.15319419041645, 62.09028611290832, 84.29020557576334, 65.62683740633348, 82.24821056333579, 63.6096384161719, 41.036172326543614, 85.65160086170793, 91.18963509846532, 57.40830654057537, 0.0, 36.70557942557608, 84.44577567893464, 75.98917771838344, 15.748279531890388, 35.42792233192011, 37.72239563286817, 72.59869225018866, 70.16543005736953, 69.7730204792883, 20.911553871254114, 93.61803525657693, 43.83297725158207, 63.90210588838175, 56.852611952539554, 112.87859336088464, 56.54305263811514, 40.696309093036355, 31.986105578030323, 7.586411345115974, 116.02882114586953, 84.91146077146077, 78.68681567075227, 56.86848813423372, 58.00087930440245, 35.21402236084236, 76.88755077020318, 90.94211489472895, 79.7650657727004, 98.6861387418651, 113.85320529729773, 75.42769529524097, 30.117795384254308, 88.76859845409284, 85.59193001709392, 81.69013285854862, 58.43887570631523, 94.42408783888365, 44.02164265776852, 45.19087711269358, 29.067725334053165, 37.40386129854859, 73.71770554000022, 56.11740563219225, 38.83936096893177, 64.04049657376625, 89.09210322533067, 8.23008894540214, 36.298516473923414], [11.859936839236658, 32.90314104109246, 47.859954433278894, 29.812278832195993, 51.57579210176942, 27.394490798405904, 19.380482169995492, 65.96506124047441, 60.467138498509804, 26.793732971968364, 36.70557942557608, 0.0, 64.46280522061775, 40.12870330499227, 23.45401686756938, 32.04502186394168, 3.0984444587553006, 51.08118222840329, 51.465746755615996, 34.30103915674803, 22.34492295824185, 59.76574715666529, 40.09264665907455, 34.44744875809089, 23.36931123618148, 76.89644590478939, 39.338479233418425, 26.816562618489012, 11.527987696163017, 33.08700280163679, 79.33018660640411, 49.59845635855247, 47.17296739450179, 20.25264148000118, 41.67647880729085, 23.725073081614823, 60.33281152737296, 60.089263793344216, 44.817140936828636, 62.707735918244445, 78.28242089552074, 53.507036534219154, 9.887561615759104, 54.321936538292725, 50.09959277184155, 59.24253222044468, 45.599193055640626, 61.5315367722385, 40.60574293953907, 28.820562324532503, 7.643332750942559, 2.3383514400068663, 51.931784235737226, 41.985441160364616, 13.037992302205494, 27.33780038563114, 61.20268460211521, 40.51182692901595, 12.20312974438404], [71.28524410021744, 87.13482492774246, 58.408762962532975, 51.23553308898664, 29.50739261506379, 53.91948836389388, 83.0648585647332, 1.557784418797589, 30.60575857652575, 81.60978447793737, 84.44577567893464, 64.46280522061775, 0.0, 74.06882700274579, 69.91124067725964, 49.461377601607936, 61.369556525395254, 108.45364610178738, 110.83081233628707, 73.69258750652354, 64.20405579031579, 43.810771730462875, 42.93013759681212, 87.75591179744686, 46.08261205900429, 67.30410865590255, 28.00737282667644, 44.13081248621303, 75.75623270576618, 86.33636768813271, 84.59528867574619, 49.21682612343655, 92.38012263640324, 62.93032467771473, 103.6685287349673, 49.723451041278885, 9.709725202311311, 30.995717831632348, 80.93372888166354, 85.3055199910483, 64.43042428908187, 11.144574202580873, 73.36097853936084, 45.284180935306324, 81.15012857930515, 114.38391188882618, 26.86623651059626, 98.62821321026888, 42.99386146686071, 39.83034710308235, 67.70468817596733, 62.13188420155576, 12.595275746416858, 28.505398092980705, 52.46460790676513, 61.26787872068295, 109.1673850672956, 81.47293120986468, 54.449594841551715], [50.920100946317746, 24.055834683467094, 21.42791812639661, 23.688313046255875, 47.10294575358776, 21.987692480322572, 39.639390306491244, 75.55815592138978, 52.44738951433839, 23.46561877433126, 75.98917771838344, 40.12870330499227, 74.06882700274579, 0.0, 63.58243818112073, 66.85401348518398, 40.255703125342336, 41.49211778001859, 46.01322075483269, 6.479466470047298, 62.06085615814515, 42.88822096409444, 71.97419073646205, 23.180153569247683, 33.17241048693383, 47.18023993528722, 61.329675166234324, 58.09230201618052, 44.642833034997444, 71.06009781410772, 42.115428541424485, 30.468613637523948, 19.299826693721972, 20.525488477678888, 45.59883508425878, 58.21003451503999, 75.30543793851207, 51.87594342676095, 6.947180076614368, 22.698553675793356, 50.49204548284944, 63.97088557055172, 45.98300117339154, 37.128147733697574, 10.144381770639509, 44.22900216572514, 69.08928238401914, 25.5335478152036, 72.50886993071205, 57.085740362303085, 47.422452834563096, 40.25326419265423, 63.171659154062596, 65.71871266613186, 45.78118008836635, 15.743507256235551, 35.62725716130533, 80.52365757442452, 47.19125055761138], [14.03920642675309, 53.504104719965774, 69.70200422307433, 50.75998756700215, 66.49999883766702, 49.00907142837716, 34.097249534792, 71.19151373609768, 75.44370604779367, 47.984918528160385, 15.748279531890388, 23.45401686756938, 69.91124067725964, 63.58243818112073, 0.0, 22.64074604866333, 23.669236976375284, 67.87953259214214, 66.61739582362739, 57.70762336756841, 5.729883905805468, 78.02696918415207, 31.93243697941718, 55.24151903516538, 41.46097811687048, 97.82989965996403, 41.905440760262195, 25.78926761593265, 23.103857097008692, 16.43451081999987, 102.13833942125109, 69.67980079176212, 69.23806934705063, 43.5427183320336, 54.926678328929086, 20.199376842453525, 62.94242575353111, 75.19478568494031, 68.14678617267357, 86.14795703146656, 98.60915621392228, 60.42539486981321, 20.196417966727928, 73.29298513018786, 73.53533036181128, 76.78584639467097, 44.81732642581642, 84.28660026004093, 32.252501497237255, 30.174912384611567, 16.39254102571746, 23.528271027180864, 58.711268016973165, 42.09180891697887, 23.221020854523747, 50.32609221135608, 81.69811959817916, 17.34223166996672, 20.70532651896587], [30.617912234951962, 64.79941837666419, 65.72514949105816, 47.24213044869335, 53.28749799935735, 46.947716341025554, 49.78424298091467, 50.58296715070723, 61.554506203276304, 58.602156996276534, 35.42792233192011, 32.04502186394168, 49.461377601607936, 66.85401348518398, 22.64074604866333, 0.0, 29.94638943245469, 82.93946644751306, 82.90526215059357, 62.311619774250374, 17.21260195978032, 67.62366127991763, 9.425485850913383, 66.26990241733866, 36.12758287002136, 90.44013092449985, 22.236084523919317, 9.852107863752495, 38.94733077586575, 38.556691726381636, 99.21312102330873, 62.48841861191732, 77.97240054609699, 46.7317333043968, 72.24733297857307, 8.771439944172993, 41.526797224659525, 61.450259320938585, 72.87016722188844, 87.6842425713087, 90.12294820761444, 41.34842763423777, 35.71309624706262, 64.17741403166514, 76.91719301611268, 91.24374359338017, 23.03885417505639, 90.99466217131393, 9.808817495472203, 13.407209569081006, 29.443657780808532, 30.40772730815246, 39.6865082276173, 20.956605848848763, 21.40661408003354, 51.35268989311415, 92.86940830977689, 32.01386490305458, 20.67573648774079], [13.57906471051194, 34.8537270502755, 46.57404681340028, 28.113853581123227, 48.91282282446656, 25.923992275205734, 22.38379617653223, 62.87071073143989, 57.844003460739785, 28.65793206615803, 37.72239563286817, 3.0984444587553006, 61.369556525395254, 40.255703125342336, 23.669236976375284, 29.94638943245469, 0.0, 53.57568421993058, 54.142663068071265, 34.682780503819764, 21.809435869803412, 57.58968059903832, 37.67974048314251, 36.32697700535037, 20.88646797024412, 75.36041080688133, 36.30043885509059, 24.15092408321679, 14.533843698300405, 34.6437684405783, 78.5567957668286, 47.76492895852899, 48.51460914239494, 19.940235363705426, 44.561822052616776, 21.42576241894248, 57.246023537587575, 57.47855327337154, 45.30301358626705, 62.64818052536062, 76.58470409895278, 50.42228675020679, 12.645802010759953, 52.25911172084883, 50.33150777223331, 61.59482075594831, 42.64719859338069, 62.469348566780944, 38.200559938075145, 25.9424311136624, 9.126871308499021, 0.7623486296717549, 48.8434789136313, 39.01898169126973, 10.124129391334552, 26.66194890415499, 62.980517098799474, 40.95340251053508, 9.59116392995427], [54.356852362622654, 21.332112289560246, 62.86305585939444, 58.40637620905267, 85.47906851843715, 55.30560165890467, 33.913797746067225, 110.01015287780237, 92.21072346069495, 26.96340317096069, 72.59869225018866, 51.08118222840329, 108.45364610178738, 41.49211778001859, 67.87953259214214, 82.93946644751306, 53.57568421993058, 0.0, 5.65372360310584, 38.011452928812155, 69.92822264798777, 84.0265993516187, 91.17382255603766, 20.86792475340965, 62.45647390582515, 87.23157915339468, 88.0501026387776, 77.7050738059698, 45.130280296571705, 65.29805399743987, 76.71328063723205, 71.40852009465252, 24.583476546136247, 45.526619418062715, 15.44789154283334, 74.7951903951053, 106.9786274334314, 91.66137736847497, 37.554142269520575, 53.64425388372198, 91.03823960835156, 97.43758921097128, 48.314167301135384, 78.09592267244447, 42.827807966603146, 9.091442850179604, 95.16993096546256, 36.50374202103005, 91.6866522323397, 79.10822410343906, 54.00491068582009, 52.98723326148217, 96.20467707794882, 91.48806944379348, 63.49058510221668, 48.249419920067275, 20.851504317534978, 80.03128449778835, 63.16265842447617], [53.49981281360718, 24.2943796158648, 67.2361543224025, 61.543092907718986, 88.80772276143723, 58.35797572778357, 33.235298713423354, 112.38856911182353, 95.82649305756439, 29.281845420758994, 70.16543005736953, 51.465746755615996, 110.83081233628707, 46.01322075483269, 66.61739582362739, 82.90526215059357, 54.142663068071265, 5.65372360310584, 0.0, 42.06598347136946, 69.09378931980476, 88.14682513591926, 91.4200501634331, 24.202645734305445, 64.7482141744623, 92.25516473609206, 89.42040068811282, 78.26957549883353, 44.393648279835816, 62.73069994192468, 82.17357717156979, 75.49457391028345, 29.887335361252195, 48.1077925907964, 12.171365037119308, 75.01541162030672, 108.89629614204162, 95.28593717984072, 42.50598404291225, 59.10589596305516, 95.97111486157512, 99.74474529932878, 47.63673852271154, 82.16124298981909, 47.993112199782786, 12.735461809505159, 96.34316078627528, 42.15543239061919, 91.9214989167623, 79.9746986206892, 53.613506237793224, 53.5065995594678, 98.45065781390407, 92.66709447161708, 64.20799102534923, 51.51055091167313, 26.236338042533415, 77.8231114684111, 63.657896319488394], [44.786006821659605, 18.816689918787578, 25.397008584783322, 22.475564509127647, 48.19154128992059, 20.040831438135854, 33.18167635573706, 75.21587515310019, 54.39858449546111, 17.3364167366111, 69.7730204792883, 34.30103915674803, 73.69258750652354, 6.479466470047298, 57.70762336756841, 62.311619774250374, 34.682780503819764, 38.011452928812155, 42.06598347136946, 0.0, 56.464896483311065, 46.08409690844082, 67.99196088593396, 18.261367792927206, 30.392751061952467, 52.736978297585715, 58.65582225036405, 53.937347752451295, 38.26546803966373, 64.71599108381761, 48.555543954927735, 33.43758696657322, 18.722451590577624, 15.579952366856658, 40.38535321635077, 53.57926546968023, 74.0917194995245, 53.84040951747203, 10.66048577796924, 28.970718310563598, 55.79572594463983, 63.19590371735559, 39.70156104566318, 40.11440749865153, 15.863869706424515, 41.93277899752063, 66.38844324312697, 28.80449904405259, 68.53065694865631, 53.34141416343959, 41.42998972339932, 34.61410330315182, 62.24675105472458, 62.899671394836474, 40.99509689139674, 12.846106351791272, 35.518176730904045, 74.4984931511351, 42.19325790036665], [15.600902472151443, 54.17446942119364, 66.52562027839019, 47.43948016349215, 61.58890224808377, 45.974585528134064, 36.02215308449706, 65.47810587435808, 70.47715418191112, 48.36133507790974, 20.911553871254114, 22.34492295824185, 64.20405579031579, 62.06085615814515, 5.729883905805468, 17.21260195978032, 21.809435869803412, 69.92822264798777, 69.09378931980476, 56.464896483311065, 0.0, 73.64760523673749, 26.602797805083895, 55.84741237120044, 37.56899087610959, 94.11944511512813, 36.19669190771592, 20.100781809593844, 24.79941977260446, 22.159549028163052, 99.39957062574328, 65.84224509208236, 69.28334062557244, 41.66433502838216, 57.72117968604662, 14.521215642470334, 57.213415599632214, 70.24899140147186, 67.05644656343364, 84.3790031789552, 94.68448811517804, 54.792497511181175, 21.621574136266876, 69.11729919642842, 72.14092527800099, 78.67633579054302, 39.11190209003805, 83.86259393505306, 26.95375866857017, 24.519015450265954, 16.441025636342292, 21.85113073932354, 53.07859333416052, 36.36477741394195, 19.14479913740178, 48.04247714882299, 82.56014063329323, 20.93743677831629, 16.772213555456254], [71.1393119001808, 64.42059530599523, 21.64617921268884, 30.828521919548837, 16.203621004035494, 33.934426574764025, 71.54299899603538, 44.86469885595404, 13.580443842986472, 61.13369633577909, 93.61803525657693, 59.76574715666529, 43.810771730462875, 42.88822096409444, 78.02696918415207, 67.62366127991763, 57.58968059903832, 84.0265993516187, 88.14682513591926, 46.08409690844082, 73.64760523673749, 0.0, 67.02856731128874, 64.14519672900859, 36.964947299963626, 24.591026859319264, 49.354424834965755, 58.02206831761934, 70.11139372904313, 91.82621992882594, 40.8010508058792, 12.658228660669108, 61.941150649666476, 44.850359307275795, 85.43249536491275, 61.89048457634288, 49.96173442952659, 13.092816688725248, 48.3524170451798, 45.13134648538861, 23.03807237635952, 38.350850425017285, 69.42272144100089, 6.073300771330442, 45.72703410995873, 87.11308114570896, 55.159230520905425, 62.425765540104926, 67.41990977507245, 54.22611299690857, 66.67391472717466, 58.152723764997475, 38.748170112573625, 53.49848834111083, 54.80812378367664, 38.5518674537969, 77.37175369294175, 94.56025212022263, 57.33543958313796], [39.833305287199174, 72.32640265472389, 68.15399191903862, 50.65647280406641, 51.684541006876586, 50.94894800308814, 58.50333721529676, 43.884710868140026, 59.254617773193864, 66.08062475337002, 43.83297725158207, 40.09264665907455, 42.93013759681212, 71.97419073646205, 31.93243697941718, 9.425485850913383, 37.67974048314251, 91.17382255603766, 91.4200501634331, 67.99196088593396, 26.602797805083895, 67.02856731128874, 0.0, 73.70353048414479, 39.62110728532358, 90.78369732287835, 18.263324117847837, 14.142986050407979, 47.88992486033417, 47.54818804109479, 101.35885553366623, 63.615712434429724, 84.58306436855605, 52.552698881474264, 81.04102672985348, 16.40562266154029, 34.23296820140505, 59.23738378774958, 78.32921443256846, 91.7521437655652, 89.96131695672896, 36.2763935329229, 44.69036153615227, 64.33229390612264, 81.84169703952044, 99.27306397482911, 16.08472351189996, 96.7962502105513, 0.5398699415500376, 15.053154421145887, 38.341994708092585, 38.23053991006649, 34.73920803219915, 15.269519824270585, 28.19896164721823, 56.24644328642892, 100.00540218767006, 39.439975136091334, 28.10718926769304], [41.21036616872013, 1.816282018733825, 43.65768167572138, 37.54708061368846, 64.69442244195017, 34.43778363352943, 23.01804250951106, 89.31015274940816, 71.6261899393124, 7.669806924585692, 63.90210588838175, 34.44744875809089, 87.75591179744686, 23.180153569247683, 55.24151903516538, 66.26990241733866, 36.32697700535037, 20.86792475340965, 24.202645734305445, 18.261367792927206, 55.84741237120044, 64.14519672900859, 73.70353048414479, 0.0, 41.93422137609681, 70.34935585662384, 68.48611093469877, 59.7466331663411, 32.46756737152274, 57.528323727810395, 63.484196038665125, 51.488292301120964, 15.016071297607166, 24.87288180933263, 22.42808033667397, 57.6815694266318, 86.6467114782849, 71.08488510861129, 21.80248685636543, 41.316571492527686, 73.66211611491434, 76.7979256757959, 35.10507331523258, 58.12241549806271, 28.19804179167973, 26.85287975194349, 75.86293129190335, 31.08533897040559, 74.23479646413848, 60.507998441467805, 39.414642791149035, 35.889816752465016, 75.61057062034484, 72.19883502163678, 45.51379573941056, 27.414531033622403, 26.781779893482017, 70.16382749622002, 45.70922868452829], [34.30127750443516, 41.19424806614913, 29.78870070316079, 11.139716766671572, 28.34105087012792, 11.413225666808355, 38.8236109070722, 47.64037446309214, 37.151407393724675, 35.5467599990876, 56.852611952539554, 23.36931123618148, 46.08261205900429, 33.17241048693383, 41.46097811687048, 36.12758287002136, 20.88646797024412, 62.45647390582515, 64.7482141744623, 30.392751061952467, 37.56899087610959, 36.964947299963626, 39.62110728532358, 41.93422137609681, 0.0, 56.55404017788049, 28.28528506479685, 26.50555042800263, 34.49152840635298, 54.861332428329355, 63.255554853902936, 28.277530098976694, 48.70477282770941, 17.086196270874197, 57.93898994664047, 28.31889863183418, 44.748876834277134, 36.76008208026373, 39.909818351426786, 52.131037245655904, 57.16677327798521, 35.00824737640436, 33.24417319578453, 31.928277280708723, 42.654695200476304, 68.75012514435059, 36.03396076617713, 58.61725021975818, 40.14072479481407, 24.568329870556216, 29.844501951979534, 21.51251164163736, 33.75076526052669, 32.59628441912078, 18.42420714550345, 17.65996681728556, 65.2942343936918, 58.44192828978418, 20.840075519533283], [88.74179196290187, 71.22904223477147, 29.425795328473303, 47.27216389455919, 40.79278725717712, 49.503569183122245, 84.14563621592347, 68.1909515530485, 36.7609797655685, 69.9773344018419, 112.87859336088464, 76.89644590478939, 67.30410865590255, 47.18023993528722, 97.82989965996403, 90.44013092449985, 75.36041080688133, 87.23157915339468, 92.25516473609206, 52.736978297585715, 94.11944511512813, 24.591026859319264, 90.78369732287835, 70.34935585662384, 56.55404017788049, 0.0, 73.52947117859995, 80.63445571221665, 85.63063920181004, 109.95465699786004, 20.783533796152078, 28.32364678485205, 62.81807409824811, 58.3684201787605, 92.77543583824362, 83.86666636473124, 74.1784804961535, 36.41537526503705, 49.75177950040922, 36.698397424972526, 4.875151422072707, 62.80247284319462, 85.7281919255529, 26.451613775134916, 44.494620953456334, 87.79604543774943, 79.6141055025559, 56.94132736590973, 91.2037161671792, 77.21264421651438, 84.39004646490221, 75.77307974219343, 63.27389917985048, 77.79506064114916, 74.97580512692177, 50.9718462759352, 74.93823597004337, 114.95579738045019, 77.36590678516829], [44.24661270807185, 67.44449124620685, 53.31004241119951, 38.06789099729317, 33.65593107349681, 39.352318878107255, 58.679974203442264, 29.288637318750038, 41.0132817107294, 61.34276924811645, 56.54305263811514, 39.338479233418425, 28.00737282667644, 61.329675166234324, 41.905440760262195, 22.236084523919317, 36.30043885509059, 88.0501026387776, 89.42040068811282, 58.65582225036405, 36.19669190771592, 49.354424834965755, 18.263324117847837, 68.48611093469877, 28.28528506479685, 73.52947117859995, 0.0, 16.139320633015345, 49.90804652883432, 58.333880174439436, 85.63670621124717, 47.37644932545884, 76.77121608174231, 44.468684496658405, 80.62467386423826, 21.728654715898312, 21.612277247441586, 41.00778595514312, 68.13815607841138, 78.72303537416224, 72.3850270221014, 19.133047787810746, 47.169919748869965, 47.199000904770436, 70.50848898633201, 95.21157232693142, 7.759898790028472, 86.83950284052084, 18.569261846669004, 11.956286807278522, 41.09740643163035, 37.03516119687979, 17.459533475796373, 4.586248135263872, 26.426894572554996, 45.943404463807234, 93.17284283280206, 54.03019655671534, 27.943114563969196], [29.08578088319473, 58.41397738745121, 55.95063218487673, 37.64498499983058, 44.10190258450884, 37.555113174240304, 45.88070626022111, 45.42476818428898, 52.60953312802196, 52.16187727000356, 40.696309093036355, 26.816562618489012, 44.13081248621303, 58.09230201618052, 25.78926761593265, 9.852107863752495, 24.15092408321679, 77.7050738059698, 78.26957549883353, 53.937347752451295, 20.100781809593844, 58.02206831761934, 14.142986050407979, 59.7466331663411, 26.50555042800263, 80.63445571221665, 16.139320633015345, 0.0, 35.93542415856294, 42.206687184420424, 89.42418107668483, 52.64186689651483, 70.44196201025999, 38.450077577294095, 68.37885944174944, 5.5926984710971, 37.4805671324919, 52.46478656853399, 64.34369738350561, 78.40119040257846, 80.3877683337845, 34.74374156716081, 32.911597778729394, 54.428173511065076, 68.049987757861, 85.6093033664626, 20.118229610281805, 82.73750108626584, 14.682566822661181, 4.516928165530506, 26.564605368339482, 24.769422433146637, 33.03178733729213, 16.90141755504528, 14.279027460095595, 42.42022768650162, 85.92508545083247, 38.92737144707573, 14.614375937956432], [9.241904847043214, 30.68924857090867, 56.2329298665944, 39.49835109195962, 62.821252431156694, 36.68093049137154, 11.22400634309706, 77.24395274712172, 71.63921555278142, 25.57200512138087, 31.986105578030323, 11.527987696163017, 75.75623270576618, 44.642833034997444, 23.103857097008692, 38.94733077586575, 14.533843698300405, 45.130280296571705, 44.393648279835816, 38.26546803966373, 24.79941977260446, 70.11139372904313, 47.88992486033417, 32.46756737152274, 34.49152840635298, 85.63063920181004, 49.90804652883432, 35.93542415856294, 0.0, 26.474312635062855, 85.89273577369333, 59.26742520777169, 46.942452943708204, 27.341298114274743, 33.346746475866254, 31.733443204619228, 71.23656472339809, 71.2425700628734, 47.940957927843925, 67.2278984860939, 87.4257696936354, 64.87383484637921, 3.2563292974227087, 64.45753924802193, 53.92682056623084, 53.90905043094208, 55.632963737495025, 62.51388722817288, 48.36117770983212, 38.71145513064774, 9.549494271449177, 13.780634007984771, 63.27642457792695, 52.12403259193871, 23.545031640907446, 34.791384339184994, 58.66729915276347, 37.77217493531417, 21.989578888285312], [21.227172936769534, 55.71204314188918, 80.93886330484047, 62.75025911159044, 81.48826077773113, 60.45576086765234, 34.52151540370839, 87.62185977003898, 90.49447442934262, 51.36250551131234, 7.586411345115974, 33.08700280163679, 86.33636768813271, 71.06009781410772, 16.43451081999987, 38.556691726381636, 34.6437684405783, 65.29805399743987, 62.73069994192468, 64.71599108381761, 22.159549028163052, 91.82621992882594, 47.54818804109479, 57.528323727810395, 54.861332428329355, 109.95465699786004, 58.333880174439436, 42.206687184420424, 26.474312635062855, 0.0, 111.87756575068151, 82.39115299243961, 72.44786296481169, 52.74163741722541, 50.55977928978987, 36.61408031090142, 79.34990684243044, 90.2044366141519, 74.39446206638792, 93.68587010117507, 111.22839924872571, 76.75480878540516, 25.15528646184045, 86.69566576760299, 80.4011310977169, 74.38609172567283, 61.143793588253445, 88.34107326834368, 47.807593571454504, 46.55926272407189, 25.567069153765647, 34.198714624199134, 75.04143904092876, 58.49120406913241, 37.69974454533217, 60.092493746908104, 82.22177097623455, 15.732125475618647, 35.16104891108873], [90.9593872074321, 64.785692459083, 33.49464408940045, 52.38073721705071, 55.92357890857703, 53.4711773206482, 81.7355391183873, 85.66374771934177, 54.25654365731972, 65.37928613738588, 116.02882114586953, 79.33018660640411, 84.59528867574619, 42.115428541424485, 102.13833942125109, 99.21312102330873, 78.5567957668286, 76.71328063723205, 82.17357717156979, 48.555543954927735, 99.39957062574328, 40.8010508058792, 101.35885553366623, 63.484196038665125, 63.255554853902936, 20.783533796152078, 85.63670621124717, 89.42418107668483, 85.89273577369333, 111.87756575068151, 0.0, 38.30416328900866, 52.38847610179648, 59.19686789641796, 85.26778024131292, 91.5743428393489, 90.31254138588913, 53.805568656093605, 41.68586230886224, 23.069817740051153, 25.543528048197164, 78.39390597356828, 86.76786747666101, 39.93098798711988, 35.30423281123984, 75.35010824269276, 92.56117775945567, 42.204510693787086, 101.83440124628389, 86.74372024612848, 86.96210849474527, 78.78548478781579, 78.53129570405714, 90.15707406512925, 80.81415256172679, 51.99277949427555, 60.96375909614602, 119.47286598375075, 82.90231419956291], [61.31090319055953, 51.77553200250615, 9.931774636014529, 19.830303775050115, 19.754398713483294, 22.595416317069343, 59.73917950802383, 50.51562328029884, 22.64073057362629, 48.60117900598785, 84.91146077146077, 49.59845635855247, 49.21682612343655, 30.468613637523948, 69.67980079176212, 62.48841861191732, 47.76492895852899, 71.40852009465252, 75.49457391028345, 33.43758696657322, 65.84224509208236, 12.658228660669108, 63.615712434429724, 51.488292301120964, 28.277530098976694, 28.32364678485205, 47.37644932545884, 52.64186689651483, 59.26742520777169, 82.39115299243961, 38.30416328900866, 0.0, 49.67611696648353, 33.004575243851185, 72.86142011830269, 55.641518831659745, 53.381708440257015, 22.064118918798734, 36.25627505763841, 36.2023587637979, 28.943936720526615, 41.294589569414256, 58.91916861158551, 6.6915316822692805, 34.319139262561684, 74.67667876304107, 54.2574705833446, 51.54889936571175, 64.06921790810743, 49.46264609405706, 56.882878161861605, 48.24449367045969, 41.16159611512139, 51.87680581281908, 46.699013047645884, 26.307758926368603, 65.47320453652317, 86.7180805453272, 49.11520051716386], [55.319584408429776, 16.81947525991268, 40.31281139948133, 41.191916402589484, 66.23382005900383, 38.73863983680657, 37.985757791784, 93.89863470209656, 71.74635888953898, 21.376137709875255, 78.68681567075227, 47.17296739450179, 92.38012263640324, 19.299826693721972, 69.23806934705063, 77.97240054609699, 48.51460914239494, 24.583476546136247, 29.887335361252195, 18.722451590577624, 69.28334062557244, 61.941150649666476, 84.58306436855605, 15.016071297607166, 48.70477282770941, 62.81807409824811, 76.77121608174231, 70.44196201025999, 46.942452943708204, 72.44786296481169, 52.38847610179648, 49.67611696648353, 0.0, 32.46587050507937, 33.59296916807461, 69.21861193767799, 92.78452703978442, 71.17513938521255, 13.719513570516124, 29.368476414834024, 66.75573076468555, 81.91703479814484, 49.35819410070803, 56.29553350061695, 18.325991581724015, 25.436398299260794, 84.44135668456958, 16.089185874181215, 85.12231012592602, 70.44934467589559, 53.036550820022306, 48.21580610592867, 80.96858875351731, 80.87910783595203, 56.644186983805454, 31.464561808848888, 16.797066015964266, 84.713758284035, 57.32315022636805], [31.764334817307102, 24.20464033300092, 28.94369648049785, 14.488798321198233, 41.55457778463488, 11.184915608268131, 26.744787437045307, 64.48639976433851, 49.42072773274151, 18.833928989640327, 56.86848813423372, 20.25264148000118, 62.93032467771473, 20.525488477678888, 43.5427183320336, 46.7317333043968, 19.940235363705426, 45.526619418062715, 48.1077925907964, 15.579952366856658, 41.66433502838216, 44.850359307275795, 52.552698881474264, 24.87288180933263, 17.086196270874197, 58.3684201787605, 44.468684496658405, 38.450077577294095, 27.341298114274743, 52.74163741722541, 59.19686789641796, 33.004575243851185, 32.46587050507937, 0.0, 42.39137470087907, 38.000841516652976, 61.83340074956057, 48.92706768051533, 26.171877127482905, 42.72060471120389, 60.34746489116958, 51.938931005054734, 27.77173803140592, 38.87921074785416, 30.666877270896325, 51.66658938490669, 52.075676202208, 44.3192481389162, 53.092307607779055, 38.09828715550663, 27.8327784946381, 20.023721077296763, 50.74003671180714, 48.482089973176095, 25.431695232398983, 7.451404680510089, 48.71115995044477, 60.72925186741685, 26.71422289746141], [42.216371565146886, 21.600183124039148, 65.66213953635464, 56.668573219103976, 83.9303220227144, 53.36735666474205, 22.550631767280045, 105.21897309887419, 91.60203693420573, 24.33083610491099, 58.00087930440245, 41.67647880729085, 103.6685287349673, 45.59883508425878, 54.926678328929086, 72.24733297857307, 44.561822052616776, 15.44789154283334, 12.171365037119308, 40.38535321635077, 57.72117968604662, 85.43249536491275, 81.04102672985348, 22.42808033667397, 57.93898994664047, 92.77543583824362, 80.62467386423826, 68.37885944174944, 33.346746475866254, 50.55977928978987, 85.26778024131292, 72.86142011830269, 33.59296916807461, 42.39137470087907, 0.0, 64.70754545680663, 100.88870459804271, 91.09020074537655, 43.847463029529166, 62.562914931545365, 96.05384989939951, 92.52413602055333, 36.60076765633669, 79.36164829534131, 50.042571759081284, 24.289537041245403, 87.19104006021219, 48.35626118421541, 81.52642987046902, 70.49063700970285, 42.80447760534188, 43.86905343483044, 91.1219778338071, 83.5482132658276, 54.68075031559961, 47.2477258421626, 35.423466242388635, 65.68832924205614, 53.82341345921289], [24.24915481192931, 56.244207650156255, 58.1018827724211, 39.29590008752221, 48.58739127439184, 38.74034032517261, 42.15790343038942, 51.01599809522898, 57.26757670800205, 50.023101661918986, 35.21402236084236, 23.725073081614823, 49.723451041278885, 58.21003451503999, 20.199376842453525, 8.771439944172993, 21.42576241894248, 74.7951903951053, 75.01541162030672, 53.57926546968023, 14.521215642470334, 61.89048457634288, 16.40562266154029, 57.6815694266318, 28.31889863183418, 83.86666636473124, 21.728654715898312, 5.5926984710971, 31.733443204619228, 36.61408031090142, 91.5743428393489, 55.641518831659745, 69.21861193767799, 38.000841516652976, 64.70754545680663, 0.0, 42.99536064035537, 57.09128408303267, 64.15828825614123, 79.28348901616478, 83.88486922165312, 40.28328244752386, 28.592979751179723, 57.95224361074193, 68.30029411342774, 82.95670412475378, 25.341891041297956, 82.2365741297024, 16.9099490826623, 10.004836321400065, 22.206033283471093, 21.937108445679485, 38.56988250075648, 22.28647440861208, 12.636460737059636, 42.80455701936282, 84.20812136612892, 33.814816143649544, 11.985040114244521], [65.84813376272152, 85.84037116146992, 61.8512630734006, 51.76930606413363, 34.39884515471563, 54.051850763571856, 79.46831929218195, 10.18964481307799, 37.53875748852442, 80.01622482560538, 76.88755077020318, 60.33281152737296, 9.709725202311311, 75.30543793851207, 62.94242575353111, 41.526797224659525, 57.246023537587575, 106.9786274334314, 108.89629614204162, 74.0917194995245, 57.213415599632214, 49.96173442952659, 34.23296820140505, 86.6467114782849, 44.748876834277134, 74.1784804961535, 21.612277247441586, 37.4805671324919, 71.23656472339809, 79.34990684243044, 90.31254138588913, 53.381708440257015, 92.78452703978442, 61.83340074956057, 100.88870459804271, 42.99536064035537, 0.0, 37.83579229189635, 82.24935075892752, 88.76541994138528, 71.69564260182517, 12.087812683626508, 68.59786886472884, 50.43525106495492, 83.21939678636961, 113.48534423818901, 18.49892634143536, 100.48843982610956, 34.2368984935643, 33.513528885174054, 62.619685430325504, 57.99924656101567, 12.394580981206472, 20.860827143354484, 47.69196825100756, 61.32679299013297, 109.54901729482454, 73.36612746372195, 49.387130226278835], [70.56121550826732, 71.06020086702405, 31.99225250688632, 34.47088110473984, 8.717118128915155, 37.78366927629035, 74.64421327273448, 31.971225311392367, 0.5771692538508598, 66.89519753667099, 90.94211489472895, 60.089263793344216, 30.995717831632348, 51.87594342676095, 75.19478568494031, 61.450259320938585, 57.47855327337154, 91.66137736847497, 95.28593717984072, 53.84040951747203, 70.24899140147186, 13.092816688725248, 59.23738378774958, 71.08488510861129, 36.76008208026373, 36.41537526503705, 41.00778595514312, 52.46478656853399, 71.2425700628734, 90.2044366141519, 53.805568656093605, 22.064118918798734, 71.17513938521255, 48.92706768051533, 91.09020074537655, 57.09128408303267, 37.83579229189635, 0.0, 58.03225674371532, 57.41395905085755, 33.867843320970586, 26.860113241216617, 69.97591586125999, 16.21876084289525, 56.37741727106963, 95.70685417840632, 45.6631551541412, 73.59749799111526, 59.56175847126761, 48.22355332020231, 66.17361360259976, 58.1427646328541, 27.5852692637012, 44.648677403782756, 52.505139299585544, 43.96686004767157, 87.29308278238486, 90.7563621467759, 55.046948832173925], [54.979635245106124, 23.107536389411113, 26.70630009190339, 30.625205003456923, 53.651399109493, 28.843120950677935, 41.50246117282457, 82.41656544506561, 58.607456641755356, 24.344193844527464, 79.7650657727004, 44.817140936828636, 80.93372888166354, 6.947180076614368, 68.14678617267357, 72.87016722188844, 45.30301358626705, 37.554142269520575, 42.50598404291225, 10.66048577796924, 67.05644656343364, 48.3524170451798, 78.32921443256846, 21.80248685636543, 39.909818351426786, 49.75177950040922, 68.13815607841138, 64.34369738350561, 47.940957927843925, 74.39446206638792, 41.68586230886224, 36.25627505763841, 13.719513570516124, 26.171877127482905, 43.847463029529166, 64.15828825614123, 82.24935075892752, 58.03225674371532, 0.0, 19.96464087717155, 53.48977359217961, 70.89122345679998, 49.64880941406694, 42.8068102461194, 6.481844840429266, 39.145053360218014, 75.89753925569934, 18.707604247061486, 78.86630199575544, 63.541369108725476, 51.80098446557952, 45.21466714662315, 70.10406227186313, 72.49725146780561, 51.603562269541065, 22.31566375108282, 29.260962882988952, 84.77335397169811, 52.84006000117654], [73.61565625935492, 42.76911194309099, 26.9589411843424, 41.16138538011892, 55.939360536712634, 40.857734936271186, 61.39409029702342, 86.63789558731669, 57.971265840961486, 44.306395112892176, 98.6861387418651, 62.707735918244445, 85.3055199910483, 22.698553675793356, 86.14795703146656, 87.6842425713087, 62.64818052536062, 53.64425388372198, 59.10589596305516, 28.970718310563598, 84.3790031789552, 45.13134648538861, 91.7521437655652, 41.316571492527686, 52.131037245655904, 36.698397424972526, 78.72303537416224, 78.40119040257846, 67.2278984860939, 93.68587010117507, 23.069817740051153, 36.2023587637979, 29.368476414834024, 42.72060471120389, 62.562914931545365, 79.28348901616478, 88.76541994138528, 57.41395905085755, 19.96464087717155, 0.0, 41.27731275717681, 76.7500815179926, 68.6565847255231, 41.22067632246472, 13.538953399998466, 52.539989248932606, 86.31331928582165, 20.287702013153257, 92.27163000815767, 76.69925432625749, 70.07662886954279, 62.699519450438885, 76.38019590303658, 83.28986221656398, 67.25057840034262, 36.64161132441376, 38.67876447385566, 103.1733052637937, 68.91330555237639], [90.07600862239093, 74.46143317120233, 31.5864890771803, 48.488665262959344, 39.09622915176899, 50.94386282220999, 86.51310022344198, 65.24020566196265, 34.15692417248533, 72.89026721571246, 113.85320529729773, 78.28242089552074, 64.43042428908187, 50.49204548284944, 98.60915621392228, 90.12294820761444, 76.58470409895278, 91.03823960835156, 95.97111486157512, 55.79572594463983, 94.68448811517804, 23.03807237635952, 89.96131695672896, 73.66211611491434, 57.16677327798521, 4.875151422072707, 72.3850270221014, 80.3877683337845, 87.4257696936354, 111.22839924872571, 25.543528048197164, 28.943936720526615, 66.75573076468555, 60.34746489116958, 96.05384989939951, 83.88486922165312, 71.69564260182517, 33.867843320970586, 53.48977359217961, 41.27731275717681, 0.0, 60.603117625715335, 87.35150910675573, 25.96285815156182, 48.47278197826493, 91.89133361988937, 78.15984965815406, 61.45743751549624, 90.36276314955974, 76.79043726393444, 85.67667343419643, 77.03622462653605, 61.18978316083877, 76.53612017554113, 75.5603263279452, 53.046406184603356, 79.28720189986593, 115.59370793370593, 78.00237114621382], [60.77099988967888, 76.13700343140927, 49.81254058954717, 40.72805718419545, 22.485199914506207, 43.26060590120798, 71.9763959389191, 12.695080524784895, 26.647047722001425, 70.55349695860208, 75.42769529524097, 53.507036534219154, 11.144574202580873, 63.97088557055172, 60.42539486981321, 41.34842763423777, 50.42228675020679, 97.43758921097128, 99.74474529932878, 63.19590371735559, 54.792497511181175, 38.350850425017285, 36.2763935329229, 76.7979256757959, 35.00824737640436, 62.80247284319462, 19.133047787810746, 34.74374156716081, 64.87383484637921, 76.75480878540516, 78.39390597356828, 41.294589569414256, 81.91703479814484, 51.938931005054734, 92.52413602055333, 40.28328244752386, 12.087812683626508, 26.860113241216617, 70.89122345679998, 76.7500815179926, 60.603117625715335, 0.0, 62.562846938827036, 38.47182539706135, 71.55494456893474, 103.49983483977886, 20.68821591262179, 88.92432036290023, 36.45953243482382, 30.27845774646679, 57.050502455869285, 51.18429579674341, 1.7141312198503351, 21.03103241218024, 41.77692371445969, 50.60619703148179, 98.7137620359026, 73.14917468303035, 43.86877846271745], [6.180980321817051, 33.35097164338166, 56.42289015537217, 39.09016927762186, 61.461854127992225, 36.43191478953517, 14.436253237721754, 74.83457766678917, 70.35446746012614, 27.997190926514342, 30.117795384254308, 9.887561615759104, 73.36097853936084, 45.98300117339154, 20.196417966727928, 35.71309624706262, 12.645802010759953, 48.314167301135384, 47.63673852271154, 39.70156104566318, 21.621574136266876, 69.42272144100089, 44.69036153615227, 35.10507331523258, 33.24417319578453, 85.7281919255529, 47.169919748869965, 32.911597778729394, 3.2563292974227087, 25.15528646184045, 86.76786747666101, 58.91916861158551, 49.35819410070803, 27.77173803140592, 36.60076765633669, 28.592979751179723, 68.59786886472884, 69.97591586125999, 49.64880941406694, 68.6565847255231, 87.35150910675573, 62.562846938827036, 0.0, 63.88116246333717, 55.490311995890615, 57.056714939793714, 52.72668500883642, 64.74987765405113, 45.158198261505774, 35.82055133507607, 6.387794072706934, 11.931683048551116, 60.94392465738638, 49.25114413961438, 20.954125849721056, 35.19609105815518, 61.50170536914347, 35.45627909741161, 19.22925519549876], [65.83598927593431, 58.37745890857745, 16.199861942528734, 25.02579493301315, 16.043951744153116, 28.060927510713025, 65.6022947253312, 46.478258633472215, 16.78286376447384, 55.06074129764626, 88.76859845409284, 54.321936538292725, 45.284180935306324, 37.128147733697574, 73.29298513018786, 64.17741403166514, 52.25911172084883, 78.09592267244447, 82.16124298981909, 40.11440749865153, 69.11729919642842, 6.073300771330442, 64.33229390612264, 58.12241549806271, 31.928277280708723, 26.451613775134916, 47.199000904770436, 54.428173511065076, 64.45753924802193, 86.69566576760299, 39.93098798711988, 6.6915316822692805, 56.29553350061695, 38.87921074785416, 79.36164829534131, 57.95224361074193, 50.43525106495492, 16.21876084289525, 42.8068102461194, 41.22067632246472, 25.96285815156182, 38.47182539706135, 63.88116246333717, 0.0, 40.56778713327356, 81.34881070741726, 53.54648503562502, 57.5848181188939, 64.75303742047306, 50.872391036415024, 61.375874946910976, 52.7945013794509, 38.60228699178762, 51.53902280470769, 50.09759496211837, 32.49886633384909, 71.9656142191899, 90.05471664521315, 52.59287878518518], [60.64396176610005, 29.546840310283816, 24.41429186736172, 32.4706274230015, 52.8936732540329, 31.27620627142647, 47.85811195524984, 82.59051585159284, 56.95438473127014, 30.783191385964844, 85.59193001709392, 50.09959277184155, 81.15012857930515, 10.144381770639509, 73.53533036181128, 76.91719301611268, 50.33150777223331, 42.827807966603146, 47.993112199782786, 15.863869706424515, 72.14092527800099, 45.72703410995873, 81.84169703952044, 28.19804179167973, 42.654695200476304, 44.494620953456334, 70.50848898633201, 68.049987757861, 53.92682056623084, 80.4011310977169, 35.30423281123984, 34.319139262561684, 18.325991581724015, 30.666877270896325, 50.042571759081284, 68.30029411342774, 83.21939678636961, 56.37741727106963, 6.481844840429266, 13.538953399998466, 48.47278197826493, 71.55494456893474, 55.490311995890615, 40.56778713327356, 0.0, 43.457988190753625, 78.24878646291864, 17.51087797118292, 82.37383788950163, 66.88261486869153, 57.28616795949965, 50.307681276590436, 70.90927570657081, 74.97194821597127, 55.906489963724454, 25.629782757856503, 31.878195378020756, 90.36169930300996, 57.33361363463359], [63.15003128781553, 27.779740853527294, 65.56493764158573, 63.570088306037064, 90.0899049585509, 60.63906754045482, 42.729981785821934, 115.93360252005377, 96.26946214831715, 33.878728914256364, 81.69013285854862, 59.24253222044468, 114.38391188882618, 44.22900216572514, 76.78584639467097, 91.24374359338017, 61.59482075594831, 9.091442850179604, 12.735461809505159, 41.93277899752063, 78.67633579054302, 87.11308114570896, 99.27306397482911, 26.85287975194349, 68.75012514435059, 87.79604543774943, 95.21157232693142, 85.6093033664626, 53.90905043094208, 74.38609172567283, 75.35010824269276, 74.67667876304107, 25.436398299260794, 51.66658938490669, 24.289537041245403, 82.95670412475378, 113.48534423818901, 95.70685417840632, 39.145053360218014, 52.539989248932606, 91.89133361988937, 103.49983483977886, 57.056714939793714, 81.34881070741726, 43.457988190753625, 0.0, 102.49767352421651, 33.542536963723165, 99.79270535338509, 86.76484972466109, 62.59694929579451, 61.04398906884228, 102.35006330191905, 98.82203585157012, 71.338438037673, 53.367296947183966, 15.418570616382427, 89.11366703956436, 71.17849508173389], [49.180096020965365, 74.77029415835814, 60.63778794650869, 45.79437440382755, 39.08670750855025, 47.11051475822358, 64.97322447019735, 27.85966339421464, 45.5855638540758, 68.62040560996243, 58.43887570631523, 45.599193055640626, 26.86623651059626, 69.08928238401914, 44.81732642581642, 23.03885417505639, 42.64719859338069, 95.16993096546256, 96.34316078627528, 66.38844324312697, 39.11190209003805, 55.159230520905425, 16.08472351189996, 75.86293129190335, 36.03396076617713, 79.6141055025559, 7.759898790028472, 20.118229610281805, 55.632963737495025, 61.143793588253445, 92.56117775945567, 54.2574705833446, 84.44135668456958, 52.075676202208, 87.19104006021219, 25.341891041297956, 18.49892634143536, 45.6631551541412, 75.89753925569934, 86.31331928582165, 78.15984965815406, 20.68821591262179, 52.72668500883642, 53.54648503562502, 78.24878646291864, 102.49767352421651, 0.0, 94.59927861852957, 16.175441906782286, 16.922529045500937, 46.462877831514575, 43.3543041631148, 19.290228922296308, 3.681875171340719, 32.56150323955673, 53.69375688888187, 100.78616338027796, 54.882197906538195, 33.71782666780538], [70.55546862429648, 32.87881567511329, 41.61804248583172, 49.162952141318414, 70.37898308752833, 47.51701675060158, 53.97342494820491, 100.07518278078716, 74.173017570273, 37.021027470466315, 94.42408783888365, 61.5315367722385, 98.62821321026888, 25.5335478152036, 84.28660026004093, 90.99466217131393, 62.469348566780944, 36.50374202103005, 42.15543239061919, 28.80449904405259, 83.86259393505306, 62.425765540104926, 96.7962502105513, 31.08533897040559, 58.61725021975818, 56.94132736590973, 86.83950284052084, 82.73750108626584, 62.51388722817288, 88.34107326834368, 42.204510693787086, 51.54889936571175, 16.089185874181215, 44.3192481389162, 48.35626118421541, 82.2365741297024, 100.48843982610956, 73.59749799111526, 18.707604247061486, 20.287702013153257, 61.45743751549624, 88.92432036290023, 64.74987765405113, 57.5848181188939, 17.51087797118292, 33.542536963723165, 94.59927861852957, 0.0, 97.33489489312703, 82.10998607828002, 67.92953119336565, 62.27447211447946, 88.23109229587519, 91.20426429373116, 69.60965647190982, 41.007170440272674, 18.765315980434387, 100.20326031056206, 70.64156286073039], [40.27510850123447, 72.85604918428425, 68.64248365196983, 51.170780562877475, 52.04194057457926, 51.47278455365552, 58.99145016582099, 43.93314295100175, 59.57478585604174, 66.61069923405863, 44.02164265776852, 40.60574293953907, 42.99386146686071, 72.50886993071205, 32.252501497237255, 9.808817495472203, 38.200559938075145, 91.6866522323397, 91.9214989167623, 68.53065694865631, 26.95375866857017, 67.41990977507245, 0.5398699415500376, 74.23479646413848, 40.14072479481407, 91.2037161671792, 18.569261846669004, 14.682566822661181, 48.36117770983212, 47.807593571454504, 101.83440124628389, 64.06921790810743, 85.12231012592602, 53.092307607779055, 81.52642987046902, 16.9099490826623, 34.2368984935643, 59.56175847126761, 78.86630199575544, 92.27163000815767, 90.36276314955974, 36.45953243482382, 45.158198261505774, 64.75303742047306, 82.37383788950163, 99.79270535338509, 16.175441906782286, 97.33489489312703, 0.0, 15.573985555092651, 38.81447657932501, 38.74934513640295, 34.93328135406823, 15.478843311897252, 28.73212204345841, 56.780278869867665, 100.54137034489345, 39.54213138403976, 28.630590998615435], [32.49399518400506, 59.271195816248074, 53.3800862573325, 35.62004570777516, 39.95580062125011, 35.90270788408855, 48.152485498895, 41.152589472279494, 48.351259975764926, 53.03681166748956, 45.19087711269358, 28.820562324532503, 39.83034710308235, 57.085740362303085, 30.174912384611567, 13.407209569081006, 25.9424311136624, 79.10822410343906, 79.9746986206892, 53.34141416343959, 24.519015450265954, 54.22611299690857, 15.053154421145887, 60.507998441467805, 24.568329870556216, 77.21264421651438, 11.956286807278522, 4.516928165530506, 38.71145513064774, 46.55926272407189, 86.74372024612848, 49.46264609405706, 70.44934467589559, 38.09828715550663, 70.49063700970285, 10.004836321400065, 33.513528885174054, 48.22355332020231, 63.541369108725476, 76.69925432625749, 76.79043726393444, 30.27845774646679, 35.82055133507607, 50.872391036415024, 66.88261486869153, 86.76484972466109, 16.922529045500937, 82.10998607828002, 15.573985555092651, 0.0, 29.590764606215405, 26.625115422575462, 28.565046197098063, 13.43355067812289, 15.818530012520245, 41.3424949411834, 86.28371481540105, 43.42512282946885, 16.813321187121694], [4.465432993132354, 37.73568009057127, 55.44835752992524, 37.190424310762374, 57.53731550702418, 34.89799212277351, 20.394705293452795, 69.15612219088631, 66.51842546432664, 31.96323182970694, 29.067725334053165, 7.643332750942559, 67.70468817596733, 47.422452834563096, 16.39254102571746, 29.443657780808532, 9.126871308499021, 54.00491068582009, 53.613506237793224, 41.42998972339932, 16.441025636342292, 66.67391472717466, 38.341994708092585, 39.414642791149035, 29.844501951979534, 84.39004646490221, 41.09740643163035, 26.564605368339482, 9.549494271449177, 25.567069153765647, 86.96210849474527, 56.882878161861605, 53.036550820022306, 27.8327784946381, 42.80447760534188, 22.206033283471093, 62.619685430325504, 66.17361360259976, 51.80098446557952, 70.07662886954279, 85.67667343419643, 57.050502455869285, 6.387794072706934, 61.375874946910976, 57.28616795949965, 62.59694929579451, 46.462877831514575, 67.92953119336565, 38.81447657932501, 29.590764606215405, 0.0, 8.641752030697656, 55.40335703019157, 43.02268860705647, 15.27395590206, 34.97278315647606, 66.1191440565421, 33.101374022703524, 13.27849909718967], [13.06942532004259, 34.39822626549131, 46.92066206280763, 28.552202081073396, 49.58826387242018, 26.30419276929189, 21.65611894999054, 63.632983842893445, 58.5110699030685, 28.220121130667007, 37.40386129854859, 2.3383514400068663, 62.13188420155576, 40.25326419265423, 23.528271027180864, 30.40772730815246, 0.7623486296717549, 52.98723326148217, 53.5065995594678, 34.61410330315182, 21.85113073932354, 58.152723764997475, 38.23053991006649, 35.889816752465016, 21.51251164163736, 75.77307974219343, 37.03516119687979, 24.769422433146637, 13.780634007984771, 34.198714624199134, 78.78548478781579, 48.24449367045969, 48.21580610592867, 20.023721077296763, 43.86905343483044, 21.937108445679485, 57.99924656101567, 58.1427646328541, 45.21466714662315, 62.699519450438885, 77.03622462653605, 51.18429579674341, 11.931683048551116, 52.7945013794509, 50.307681276590436, 61.04398906884228, 43.3543041631148, 62.27447211447946, 38.74934513640295, 26.625115422575462, 8.641752030697656, 0.0, 49.605723846390354, 39.73042400963723, 10.811739977491966, 26.84625837698704, 62.57592522234246, 40.773431381247285, 10.17835850959834], [59.10506537037954, 74.92246170437234, 49.48185734907143, 39.804903406434626, 22.72054118750218, 42.26289958383521, 70.47156461227023, 14.130565415811011, 27.403111461480087, 69.29377887882278, 73.71770554000022, 51.931784235737226, 12.595275746416858, 63.171659154062596, 58.711268016973165, 39.6865082276173, 48.8434789136313, 96.20467707794882, 98.45065781390407, 62.24675105472458, 53.07859333416052, 38.748170112573625, 34.73920803219915, 75.61057062034484, 33.75076526052669, 63.27389917985048, 17.459533475796373, 33.03178733729213, 63.27642457792695, 75.04143904092876, 78.53129570405714, 41.16159611512139, 80.96858875351731, 50.74003671180714, 91.1219778338071, 38.56988250075648, 12.394580981206472, 27.5852692637012, 70.10406227186313, 76.38019590303658, 61.18978316083877, 1.7141312198503351, 60.94392465738638, 38.60228699178762, 70.90927570657081, 102.35006330191905, 19.290228922296308, 88.23109229587519, 34.93328135406823, 28.565046197098063, 55.40335703019157, 49.605723846390354, 0.0, 19.475957771888904, 40.13160373946136, 49.59692498520215, 97.76147835889576, 71.461924366432, 42.20758466852739], [45.849439275029376, 71.09978462141694, 57.89214608520203, 42.562116878671326, 37.61892955131899, 43.76523000769095, 61.36449301832104, 29.630795641657684, 44.61623023840155, 64.94574584417566, 56.11740563219225, 41.985441160364616, 28.505398092980705, 65.71871266613186, 42.09180891697887, 20.956605848848763, 39.01898169126973, 91.48806944379348, 92.66709447161708, 62.899671394836474, 36.36477741394195, 53.49848834111083, 15.269519824270585, 72.19883502163678, 32.59628441912078, 77.79506064114916, 4.586248135263872, 16.90141755504528, 52.12403259193871, 58.49120406913241, 90.15707406512925, 51.87680581281908, 80.87910783595203, 48.482089973176095, 83.5482132658276, 22.28647440861208, 20.860827143354484, 44.648677403782756, 72.49725146780561, 83.28986221656398, 76.53612017554113, 21.03103241218024, 49.25114413961438, 51.53902280470769, 74.97194821597127, 98.82203585157012, 3.681875171340719, 91.20426429373116, 15.478843311897252, 13.43355067812289, 43.02268860705647, 39.73042400963723, 19.475957771888904, 0.0, 28.95197005338647, 50.249973486177325, 97.18667563454811, 52.967599864445624, 30.17012477830807], [19.123826062140257, 44.157915069645284, 47.63965190217677, 28.530365707016756, 43.78868930988945, 27.384746737258986, 32.41326651084679, 53.9259942421227, 52.79483536602361, 37.90721276751453, 38.83936096893177, 13.037992302205494, 52.46460790676513, 45.78118008836635, 23.221020854523747, 21.40661408003354, 10.124129391334552, 63.49058510221668, 64.20799102534923, 40.99509689139674, 19.14479913740178, 54.80812378367664, 28.19896164721823, 45.51379573941056, 18.42420714550345, 74.97580512692177, 26.426894572554996, 14.279027460095595, 23.545031640907446, 37.69974454533217, 80.81415256172679, 46.699013047645884, 56.644186983805454, 25.431695232398983, 54.68075031559961, 12.636460737059636, 47.69196825100756, 52.505139299585544, 51.603562269541065, 67.25057840034262, 75.5603263279452, 41.77692371445969, 20.954125849721056, 50.09759496211837, 55.906489963724454, 71.338438037673, 32.56150323955673, 69.60965647190982, 28.73212204345841, 15.818530012520245, 15.27395590206, 10.811739977491966, 40.13160373946136, 28.95197005338647, 0.0, 30.619707215824914, 71.83583486003575, 40.03338317430248, 2.552958693706355], [39.020060055476385, 27.21711270184415, 21.549911821374355, 10.208752798316153, 37.2986461626683, 7.350735105479018, 33.6397366932807, 62.80515876611108, 44.492676167742545, 22.95729180933923, 64.04049657376625, 27.33780038563114, 61.26787872068295, 15.743507256235551, 50.32609221135608, 51.35268989311415, 26.66194890415499, 48.249419920067275, 51.51055091167313, 12.846106351791272, 48.04247714882299, 38.5518674537969, 56.24644328642892, 27.414531033622403, 17.65996681728556, 50.9718462759352, 45.943404463807234, 42.42022768650162, 34.791384339184994, 60.092493746908104, 51.99277949427555, 26.307758926368603, 31.464561808848888, 7.451404680510089, 47.2477258421626, 42.80455701936282, 61.32679299013297, 43.96686004767157, 22.31566375108282, 36.64161132441376, 53.046406184603356, 50.60619703148179, 35.19609105815518, 32.49886633384909, 25.629782757856503, 53.367296947183966, 53.69375688888187, 41.007170440272674, 56.780278869867665, 41.3424949411834, 34.97278315647606, 26.84625837698704, 49.59692498520215, 50.249973486177325, 30.619707215824914, 0.0, 48.2224213756945, 67.61300612176505, 32.27744196000117], [67.66796947406688, 28.404465761831123, 55.785439731916355, 57.98896986543225, 82.72975967264965, 55.518435295292655, 48.23673807785159, 110.68379871191826, 87.86821591827737, 34.4111560077708, 89.09210322533067, 61.20268460211521, 109.1673850672956, 35.62725716130533, 81.69811959817916, 92.86940830977689, 62.980517098799474, 20.851504317534978, 26.236338042533415, 35.518176730904045, 82.56014063329323, 77.37175369294175, 100.00540218767006, 26.781779893482017, 65.2942343936918, 74.93823597004337, 93.17284283280206, 85.92508545083247, 58.66729915276347, 82.22177097623455, 60.96375909614602, 65.47320453652317, 16.797066015964266, 48.71115995044477, 35.423466242388635, 84.20812136612892, 109.54901729482454, 87.29308278238486, 29.260962882988952, 38.67876447385566, 79.28720189986593, 98.7137620359026, 61.50170536914347, 71.9656142191899, 31.878195378020756, 15.418570616382427, 100.78616338027796, 18.765315980434387, 100.54137034489345, 86.28371481540105, 66.1191440565421, 62.57592522234246, 97.76147835889576, 97.18667563454811, 71.83583486003575, 48.2224213756945, 0.0, 95.8810891548182, 72.22407932152801], [29.81065290248279, 68.36817181396786, 87.01325960671417, 68.02474032733045, 82.16234087225627, 66.3332362483768, 47.64774638886383, 82.58338619367386, 90.95575741881746, 63.34002315550704, 8.23008894540214, 40.51182692901595, 81.47293120986468, 80.52365757442452, 17.34223166996672, 32.01386490305458, 40.95340251053508, 80.03128449778835, 77.8231114684111, 74.4984931511351, 20.93743677831629, 94.56025212022263, 39.439975136091334, 70.16382749622002, 58.44192828978418, 114.95579738045019, 54.03019655671534, 38.92737144707573, 37.77217493531417, 15.732125475618647, 119.47286598375075, 86.7180805453272, 84.713758284035, 60.72925186741685, 65.68832924205614, 33.814816143649544, 73.36612746372195, 90.7563621467759, 84.77335397169811, 103.1733052637937, 115.59370793370593, 73.14917468303035, 35.45627909741161, 90.05471664521315, 90.36169930300996, 89.11366703956436, 54.882197906538195, 100.20326031056206, 39.54213138403976, 43.42512282946885, 33.101374022703524, 40.773431381247285, 71.461924366432, 52.967599864445624, 40.03338317430248, 67.61300612176505, 95.8810891548182, 0.0, 37.602888709977854], [16.91003298784696, 44.28700019402385, 49.83712016987921, 30.728767266887782, 46.33007537996293, 29.433062755875085, 31.38902342787478, 55.894241984968986, 55.33432554202667, 38.056775255316246, 36.298516473923414, 12.20312974438404, 54.449594841551715, 47.19125055761138, 20.70532651896587, 20.67573648774079, 9.59116392995427, 63.16265842447617, 63.657896319488394, 42.19325790036665, 16.772213555456254, 57.33543958313796, 28.10718926769304, 45.70922868452829, 20.840075519533283, 77.36590678516829, 27.943114563969196, 14.614375937956432, 21.989578888285312, 35.16104891108873, 82.90231419956291, 49.11520051716386, 57.32315022636805, 26.71422289746141, 53.82341345921289, 11.985040114244521, 49.387130226278835, 55.046948832173925, 52.84006000117654, 68.91330555237639, 78.00237114621382, 43.86877846271745, 19.22925519549876, 52.59287878518518, 57.33361363463359, 71.17849508173389, 33.71782666780538, 70.64156286073039, 28.630590998615435, 16.813321187121694, 13.27849909718967, 10.17835850959834, 42.20758466852739, 30.17012477830807, 2.552958693706355, 32.27744196000117, 72.22407932152801, 37.602888709977854, 0.0]]",Route_1,3150.6773693489395
